1999999999
9998
648 29435
392 10058
454 20622
754 27338
832 31035
786 6331
131 27194
202 15899
621 28544
621 5817
983 13434
770 17292
209 19713
538 15176
855 19083
493 10547
459 12702
66 11829
116 25483
318 14383
349 20568
127 25486
960 1278
689 6944
829 27093
568 27174
125 17740
104 13482
228 22237
722 18963
79 7744
663 1526
538 8927
193 29487
533 20363
888 9521
936 13933
923 15258
524 20799
856 17419
100 4540
326 28214
276 22100
816 17976
160 5925
541 26922
153 24359
678 26610
132 26022
767 19551
267 23542
817 29814
360 17250
7 14342
462 24421
296 3203
146 6173
293 6928
187 24828
628 31966
86 30657
620 4533
989 4006
345 9424
185 15579
594 21486
189 13364
729 27814
85 13087
563 13307
31 9176
873 19504
376 20960
990 11486
850 17067
66 24899
85 1688
7 221
116 5671
282 5687
801 3943
139 26628
947 26541
984 22634
967 25995
431 20128
493 30464
883 24251
125 14317
57 9157
338 15560
324 16
93 30100
797 14281
301 15633
535 6608
317 26672
218 10951
270 27081
446 1642
95 24208
35 27422
890 5446
662 9164
890 26412
718 17391
266 29885
400 27116
279 6812
744 31651
928 13004
425 4419
924 30239
767 610
429 4593
714 18765
948 17941
454 12444
414 7952
281 32522
397 8325
853 5508
330 29681
31 13184
737 28569
486 21904
389 2496
776 25143
46 3100
305 6395
9 7051
126 30651
703 26627
585 2627
959 6343
13 22558
232 18657
693 25771
234 10188
384 30068
957 4721
480 4794
389 14421
147 30293
268 8464
545 23739
136 9729
752 27742
231 13376
980 10043
271 27348
706 6831
979 26918
591 16781
531 25014
437 19567
659 17677
838 17481
479 6387
300 15172
869 20449
248 32713
252 13497
169 1499
260 16053
311 31403
406 24989
104 13926
612 11838
19 82
548 22295
132 22809
186 27989
24 16229
452 27138
33 8876
521 22393
828 30798
108 12061
456 9949
54 16202
834 15291
962 11660
527 7915
37 26895
569 14625
694 8535
150 16411
114 5425
621 7476
715 19946
883 8759
129 6846
285 113
1 24723
895 13834
734 4584
692 26005
85 25352
958 19429
854 3715
185 18466
920 15838
907 10781
643 27274
335 15073
916 19219
122 13195
988 8346
509 5723
770 30853
804 7690
115 13941
150 14174
999 31352
191 14589
821 14209
930 19839
490 3605
859 17350
206 16198
220 14738
319 19429
758 21584
322 5108
274 31795
335 2650
704 19846
709 20698
592 13377
470 20550
984 26074
164 8432
758 11613
676 22370
893 15807
394 2383
221 32368
197 7881
534 1583
820 17331
941 14370
393 3450
155 14118
189 10496
754 9060
812 9433
834 22053
730 11194
203 4071
135 17198
403 19631
959 25227
402 12962
669 30245
468 20175
561 8897
990 5200
487 23885
685 20881
922 10958
492 4079
648 7321
972 4485
600 23750
689 24898
762 24290
819 10559
118 2276
410 17232
863 26722
774 14298
89 18437
21 7908
169 14651
790 6000
436 26155
549 18699
147 16366
904 9123
13 23804
530 20889
301 7140
6 4119
246 24129
783 24996
756 28649
709 20213
573 28263
522 10758
71 17580
237 1898
956 3841
255 25056
324 31552
100 7206
905 31044
621 21778
505 20382
100 16862
879 26761
943 708
331 27425
960 9674
947 29903
332 19424
370 1800
531 9256
864 32055
824 12693
435 7927
2 3767
836 8838
209 9173
973 13174
740 829
553 20902
899 24536
188 7281
793 20993
237 24101
644 24215
553 27575
912 29777
779 11445
593 21330
584 24443
624 4862
135 28074
967 14859
81 25814
768 7387
893 26495
547 30217
936 10819
134 27970
699 20817
538 86
653 16929
124 654
170 15715
18 9793
652 21813
878 17570
217 5016
383 22492
286 25893
62 23393
522 7164
902 1662
494 7934
417 5428
516 6460
214 4931
780 15790
647 23943
975 29481
138 19847
134 31883
718 17228
731 28985
601 367
586 6603
703 3958
457 1285
798 5729
94 26889
880 27519
32 9420
224 15750
824 30151
464 6115
593 13807
650 12367
998 13798
598 12963
20 1907
580 32493
760 19504
43 3523
409 23682
257 28375
512 23246
427 5580
287 1770
239 26952
753 26066
760 18507
49 4509
603 31167
829 17839
176 14928
820 31535
474 23677
197 10684
170 12015
250 91
888 7434
837 10932
236 15811
250 30335
821 17585
310 27961
760 2406
829 13851
163 6399
218 21580
146 1530
795 5462
481 27208
531 17367
675 20387
316 29305
651 29218
236 29475
217 4363
280 20081
344 16872
319 20322
653 31197
816 30545
850 16696
605 28199
404 17738
306 17102
690 15478
241 4073
583 20615
104 22722
394 838
886 12931
556 16717
737 3498
377 5910
380 13239
138 15447
887 19751
842 27026
975 934
120 11239
408 5249
309 11054
352 26458
263 5698
269 32031
316 10655
42 19261
403 1072
606 22288
768 15970
941 9630
878 30589
12 21382
130 19764
87 26931
429 29051
549 16213
202 21144
430 1938
209 2429
932 19832
507 597
272 951
879 4957
334 29069
324 30197
459 5249
576 22007
926 19028
593 27463
781 22325
506 20907
873 7220
512 4829
357 4601
261 5855
139 23478
405 28303
688 1626
375 11387
761 18440
134 16374
470 21447
137 1644
989 5499
768 1778
210 27156
192 3105
989 10245
344 4133
557 3063
693 12049
332 23999
571 4981
179 24974
557 4403
424 26984
479 25230
820 6872
201 15236
490 15585
239 10078
301 8759
135 25733
361 944
618 12951
301 24309
279 18106
415 11645
685 23089
16 1980
751 1837
321 2199
453 26597
903 1308
448 11240
948 27760
13 6066
62 25608
951 8830
451 29724
606 9820
101 22617
300 22147
218 18647
778 28648
175 20298
94 22544
847 31868
40 7714
654 4603
758 4672
739 29710
916 26391
813 30702
991 4533
885 25139
4 23451
317 10637
772 23316
735 20916
772 17861
785 29346
458 20868
319 16383
578 5998
90 9437
282 11571
472 18341
962 26805
883 2641
881 466
910 23260
323 1661
854 26615
679 21780
653 3582
705 4333
445 4138
147 17715
755 29192
289 10736
1 1322
605 16234
449 32540
448 13235
447 11161
443 18044
311 3839
733 7978
926 3329
45 18732
589 26524
202 19083
603 10828
41 2242
330 21887
519 28625
494 24138
887 3981
833 22107
862 9018
226 20527
6 14171
190 21381
216 25033
296 30226
93 16387
854 27766
543 12229
20 10095
451 30172
685 20812
194 18232
750 16293
488 26691
13 11594
508 22129
482 20601
169 12312
422 8532
413 20099
265 25745
88 17986
384 20084
359 16835
231 20986
730 27175
618 28760
131 21070
731 7331
736 6196
311 2001
810 12417
562 26848
502 4187
732 5461
852 10623
219 32232
959 27792
347 25470
636 17838
84 22615
894 18251
91 24969
33 30522
476 19629
998 29193
742 3544
847 22673
583 14797
75 15307
850 28784
876 31462
85 19326
207 18326
840 9596
244 17582
275 19693
303 29425
760 30664
190 24613
33 2857
611 19562
179 2887
52 14794
979 18342
162 6673
127 6030
719 3807
336 15035
539 28667
350 12886
176 3050
973 9764
981 22209
744 10750
8 31543
67 30593
415 510
260 28678
673 852
261 31444
73 5845
379 5013
731 30099
755 7431
394 616
830 19444
8 11403
729 15972
991 24674
19 4881
784 31383
481 5403
450 29038
20 20477
918 10326
949 8128
625 8638
583 4463
153 809
206 10186
715 8069
159 22590
740 31672
336 21525
598 381
561 29163
934 21614
563 19297
564 32097
648 25365
275 24568
412 26321
65 11892
642 25090
41 20426
561 29804
951 27641
145 24861
419 4762
201 2463
338 12217
507 10610
458 17123
842 26041
37 3200
34 1332
655 9572
561 25710
683 13472
924 31288
106 14238
541 85
518 4205
988 5239
519 20057
508 25963
483 25791
383 16528
243 17439
157 5005
188 2419
761 13891
323 14271
84 4353
501 12266
422 29431
182 23244
873 11502
104 14728
121 17462
94 20508
217 20959
41 7734
184 25132
531 6730
428 26692
74 25313
573 6699
127 6708
517 18673
512 8185
591 2345
451 7549
902 16285
596 6131
367 26176
89 32011
137 7524
523 24007
595 23853
984 19339
351 23366
183 2931
911 30930
339 5096
405 19622
980 2166
583 7605
450 10200
210 25035
924 24661
14 5247
568 32336
619 31331
179 10522
698 9341
547 8714
471 18427
579 31184
374 15906
815 12294
907 16520
137 28936
942 13699
371 26118
231 8417
982 19287
511 3289
410 16656
559 32578
223 2518
500 20227
588 11248
108 28107
525 10400
258 31234
762 15796
424 11519
718 25944
909 31099
990 2094
941 28229
635 5537
465 12600
457 30326
166 9835
680 3491
242 6055
594 15205
356 28702
23 5773
19 24665
814 20506
435 32371
965 29965
651 13957
738 633
858 8033
787 32730
716 1923
59 5031
191 20036
470 17963
787 23889
639 26256
929 22108
807 17981
578 18705
649 15970
500 1356
84 13264
33 23945
97 3343
584 28060
309 20138
728 14754
529 20942
466 14647
856 18707
463 8937
449 1946
546 3053
422 15960
247 12305
604 9137
955 30194
556 14665
310 879
737 9239
495 30301
811 19131
430 5500
995 11793
832 3498
768 12294
758 3927
569 15530
239 24633
308 2439
264 13633
135 24370
449 26829
61 8479
970 24863
147 1977
277 15118
403 16562
677 3323
704 27032
512 22023
172 6314
321 28035
199 26601
121 1705
713 13938
103 7305
817 5130
173 23109
550 2811
893 21377
470 15391
932 8470
702 314
718 13830
26 2444
434 181
5 9383
799 11350
658 12159
79 5795
852 22464
627 19921
44 10596
400 10947
713 6788
888 23422
204 2414
771 29149
524 24825
800 19077
447 22293
911 24604
939 31142
465 24246
620 32147
81 2960
446 1049
861 21761
398 19046
176 7853
972 30563
458 7676
427 31697
883 23243
956 14487
27 10337
344 24410
797 10916
917 16719
749 15244
875 77
640 17625
951 22055
59 25089
48 26168
631 24173
24 19775
267 25572
645 25454
203 27976
592 25789
735 20864
677 29572
191 31413
853 10569
85 7617
336 10710
43 1508
327 27791
103 18617
746 12291
669 30313
765 19393
212 6687
176 21613
675 7868
990 17939
653 27595
294 10426
338 20151
393 25405
761 1083
267 12374
426 30235
734 27132
337 274
899 7919
40 22283
362 9873
276 20884
996 9975
91 18575
215 16704
972 16682
162 22565
192 2322
458 9426
63 4580
820 3572
702 8421
371 29972
32 9970
805 28195
506 21690
953 5462
979 16170
435 30516
252 10281
67 16109
44 16262
835 7917
856 28718
936 10161
137 3491
267 217
862 30121
408 14463
388 31299
574 7368
906 10205
944 21432
930 15307
172 9547
805 24306
850 11201
150 30917
519 24121
674 11892
219 10625
126 25183
463 2861
674 18385
515 25318
765 24299
207 28165
393 27870
944 8545
968 17502
542 21860
174 29267
604 30821
265 8913
775 15153
71 21066
434 27627
799 7938
689 29463
987 20164
101 9969
220 23764
824 26883
126 9252
601 16886
861 31178
698 28585
864 19378
336 6528
525 6032
515 7935
246 19993
214 13463
155 30323
273 17087
960 9706
310 15175
736 8164
664 22761
649 12823
531 32034
538 8441
216 8256
154 14456
327 1979
995 21740
306 14024
247 30794
392 19756
818 16282
199 18510
993 19627
557 23185
761 30725
89 19680
746 24351
85 7819
85 8914
487 22353
405 27150
361 16318
202 31948
302 29623
899 2883
605 851
109 30047
339 5612
870 9839
460 17270
831 22814
41 6160
514 22436
353 30169
593 3133
561 18693
751 30170
422 16944
66 21783
773 2801
105 9582
928 10419
578 13994
148 448
384 31390
137 14495
19 23318
657 20896
128 11278
461 22197
3 3618
68 28035
178 21830
534 5049
204 18359
880 30113
777 18738
240 4853
636 18019
435 9715
406 29856
981 179
253 14807
585 21689
309 20677
738 6343
493 32105
529 244
677 26041
152 15618
159 25235
135 28909
908 23798
316 7104
152 2930
432 24748
353 9181
584 26203
691 21832
433 16514
320 7729
248 6070
630 21243
584 896
321 26779
541 19123
635 22419
401 32253
337 11044
277 8381
928 4287
187 21524
183 31678
809 14399
351 12625
393 30756
737 20667
558 13098
446 11198
225 14670
725 851
397 19828
568 31903
432 25082
376 25123
675 915
691 1331
636 26195
938 21417
258 18694
16 30170
240 8902
216 2249
510 20173
366 18587
564 10887
585 16203
224 23019
519 19359
866 9740
954 5211
566 10731
865 15284
66 16784
666 26375
265 28505
95 28363
943 11153
654 19141
374 21060
509 3706
600 9042
374 2538
190 2243
511 25211
392 5978
541 14388
510 32109
35 11051
423 21492
29 21825
903 1503
690 3084
750 16813
330 32533
231 10554
460 1604
918 13272
874 13464
38 30370
729 795
658 18189
156 10262
34 27584
944 28289
465 20390
701 8637
516 27457
835 24966
333 22593
532 29219
593 17237
657 23775
758 12353
184 29885
178 17457
51 4968
592 2636
588 8809
708 26253
568 17564
609 10958
434 13285
880 550
722 10015
716 9845
93 21589
12 5181
310 25397
176 12468
941 25537
824 5655
519 7496
545 31296
15 18837
762 25467
276 4198
390 8086
522 22304
346 12599
774 14528
810 10098
924 14869
239 5019
714 3629
652 4441
331 32525
625 5372
101 20132
223 29713
84 9218
5 23603
363 22726
162 11300
575 15061
700 25372
271 5714
344 6752
249 7114
67 15639
934 30382
481 29273
153 10247
36 28042
996 31077
680 6374
59 7192
444 20060
821 18595
931 4768
745 29294
460 1660
261 25531
470 615
836 21979
488 4184
889 22946
385 14300
679 9240
947 20583
260 4977
861 19943
213 64
57 15263
571 12007
594 22835
494 30034
187 3583
881 26853
924 9901
230 10418
766 4359
731 6128
130 2569
30 7336
516 29243
413 14002
62 15422
897 736
626 10660
460 32377
863 18949
832 7913
641 28750
34 4534
562 4701
55 14518
133 18123
5 13952
909 21769
637 7968
641 2991
671 8463
466 20752
8 14946
600 8722
264 20033
874 29501
78 11931
853 10257
712 28184
359 5277
13 3663
557 15693
950 24122
497 18692
708 7398
952 22890
179 13423
75 15752
752 8492
3 12946
919 22823
811 9987
633 18384
593 13295
907 12786
181 16533
586 5605
45 1077
502 23558
328 23073
300 27492
353 7189
705 30396
847 30411
419 5544
291 27851
594 32275
281 31617
903 29168
827 5777
540 13611
474 28015
797 8160
574 12074
757 8396
648 16520
708 17409
950 6232
247 4573
255 13828
536 23100
655 26214
80 16365
245 19164
379 6243
332 22175
386 29613
807 13904
750 24745
320 21972
740 16756
362 30818
844 17444
117 5850
503 21434
963 30809
480 5458
97 14602
866 17821
783 13119
858 2705
84 32448
758 3423
636 31330
326 28838
499 5084
402 30438
958 16855
397 27959
200 25668
792 11835
218 32498
706 20817
47 608
902 23051
327 5840
686 31715
794 7580
55 17961
304 23757
252 19520
830 2282
392 7690
348 8462
366 9377
813 20797
899 14152
390 20216
910 31905
674 25615
767 27680
429 7095
750 959
216 17884
909 1523
205 17593
265 21471
467 22693
284 14280
724 24112
527 13258
309 12910
535 10441
733 12691
637 27050
954 960
266 3778
760 11293
18 7566
300 3624
880 22693
385 23885
179 19436
368 10934
816 26889
237 1380
40 18458
239 24703
572 24742
88 13290
974 20179
527 2843
833 30938
882 30250
235 10425
503 4391
921 28200
549 5553
124 23757
926 10948
420 31411
88 26323
770 29433
965 14359
114 24775
183 10022
89 18054
840 10183
131 1361
705 27653
992 26790
17 28034
447 6754
681 8462
772 4844
341 2168
454 22960
133 5796
196 10703
277 6622
354 20244
866 8302
390 20267
774 2925
984 13069
494 17367
121 1215
538 17889
35 21820
724 30348
569 24240
245 30586
208 5862
580 27904
343 17924
8 27262
19 30070
336 30955
902 19240
17 27572
145 9464
633 30663
71 2155
497 16618
491 15006
672 20818
581 5248
309 12145
898 26431
525 1551
778 1280
190 4764
925 16851
683 19909
192 230
689 581
525 8697
161 17918
297 25361
64 2376
713 2673
171 12425
111 27846
638 27654
666 9122
111 16888
149 2091
127 32483
889 17941
345 35
604 6861
182 3271
268 5367
935 12451
103 26651
677 19873
597 10395
454 22360
80 1001
145 27872
818 18678
211 17636
880 21742
626 8184
350 14370
115 13613
563 10054
623 19683
142 3292
468 32223
337 20208
209 16542
429 7430
409 19688
415 23121
707 30120
657 30757
209 30458
940 21679
697 27270
212 29156
441 22029
36 6327
646 2113
612 15503
854 14298
88 13048
339 6374
731 5016
507 23648
124 21606
175 19973
344 30230
681 1123
912 21719
618 22323
308 28993
122 4072
72 17801
617 2184
605 31480
77 11451
363 5019
181 4386
647 23611
110 5353
760 14991
668 16800
734 11185
19 23878
620 1743
406 25255
629 22563
544 21481
957 26661
873 7009
674 17151
243 28331
875 21569
421 26617
15 27350
696 18859
417 14647
41 8224
379 9694
271 13772
969 32766
45 3467
631 27761
745 22325
133 7921
22 4723
602 13196
574 21457
951 15442
877 24596
605 22353
98 4557
274 24771
887 15662
759 5509
836 1565
174 14795
326 23687
395 6163
654 4855
744 27735
407 17255
565 3975
880 30294
927 30518
475 16410
880 23956
500 18552
280 9628
534 28786
283 20366
467 2656
995 4512
707 22594
232 26864
479 17493
548 14014
109 2020
435 15832
623 13409
755 5205
272 21172
233 23942
510 3283
237 24618
582 5523
286 19681
36 17086
505 18660
914 3429
614 4338
387 27767
619 18574
945 15763
13 18791
620 12315
860 1816
667 26250
215 23313
784 16903
952 19669
831 3130
265 10855
71 29534
319 1278
716 3223
709 26112
132 20614
268 20526
1 17947
258 24860
38 20395
49 9957
494 20035
306 32284
633 3899
545 3078
584 14350
411 10502
683 9321
365 20312
777 27265
310 25090
48 31146
960 24584
565 1830
363 22496
703 15674
906 12069
319 24711
450 4752
258 24472
985 8739
186 184
380 11687
338 8710
115 5465
105 16331
208 8929
896 13578
862 28291
967 27225
910 9369
21 26352
24 16193
751 30720
984 2131
675 25158
247 30614
645 20959
452 16691
154 31838
122 10345
371 10524
356 27267
252 5071
758 22023
966 23902
645 25137
289 32500
146 23199
598 29524
707 29518
556 2668
387 22725
9 6956
604 4240
836 1944
481 15856
520 18204
328 7889
348 27424
208 21756
361 20957
776 20366
619 31599
720 26793
940 13611
44 2921
157 3890
470 30234
598 20550
507 27816
976 23517
65 28502
1 15988
238 18867
767 21542
621 3531
689 15741
669 20378
83 5768
579 13510
824 9262
185 11405
389 27585
943 25595
627 26839
761 19041
285 21845
592 14852
995 14284
518 6418
215 11273
412 1754
222 6631
158 26939
264 20072
794 28253
35 11012
412 22176
749 24385
262 6866
658 24708
358 17061
829 5159
561 32608
657 24523
830 24276
978 5104
78 10898
199 25795
467 18267
476 25910
285 10456
398 14422
5 11659
621 27866
660 30470
681 14071
291 4699
790 31868
777 1235
410 26394
304 4323
537 28931
889 18267
902 8120
746 14561
773 24859
517 23454
167 16076
866 31031
509 23474
983 14591
193 28632
408 6763
473 13947
362 29638
413 609
156 18725
652 27756
967 3998
809 20590
613 12469
708 3135
265 25111
870 13581
365 9611
501 14068
858 1317
193 4814
787 24508
302 11853
979 22943
795 27207
136 17796
274 29520
440 6593
905 142
843 17855
345 29897
849 31659
541 5570
30 17006
572 19910
450 25568
419 11138
670 2872
53 5145
372 10184
956 23412
86 26599
173 14042
282 24622
446 15808
373 13031
403 27874
365 19394
946 24466
619 970
356 13136
9 16792
341 18844
224 27078
157 23560
294 13223
32 5777
846 13877
771 11311
247 16715
888 6571
602 22293
492 2737
294 22980
55 5414
982 16774
531 16059
790 28341
936 195
778 27726
864 15938
344 13990
895 24646
878 23128
309 3194
399 32642
959 10744
322 13617
570 10335
819 4377
642 15653
734 30602
434 2863
666 8095
916 26783
890 10169
844 14062
898 20011
920 314
344 8759
451 21729
112 16698
354 2126
325 29731
950 25619
277 16681
451 25144
116 17854
521 30675
283 27838
729 7385
515 21741
818 1588
644 31648
684 17942
635 32698
444 18060
76 4314
506 21078
492 24275
832 8182
474 7517
428 4871
63 28682
831 10192
835 21115
559 15641
762 20691
929 12349
351 9324
571 32641
232 2249
658 26276
986 23756
655 10680
934 25641
1000 560
836 15643
556 25145
439 24150
830 590
826 12604
861 27910
745 7251
675 32049
563 4599
165 548
613 30540
347 32337
155 30583
937 13339
459 5902
661 29928
563 7116
322 26231
572 7306
564 12916
838 19818
828 21577
431 23638
902 31032
366 29097
786 9894
421 10539
352 6842
670 5955
64 6951
500 11880
840 9798
397 6361
647 14952
647 23182
666 10090
465 20334
852 7818
252 22978
348 29816
698 21738
257 18865
453 8270
633 3336
395 22168
179 3205
952 1313
449 2163
164 30632
259 31925
847 27722
192 5209
379 17326
365 31600
337 385
331 796
270 12578
676 19434
975 670
574 27234
810 13278
467 14813
407 6687
288 20887
232 24483
85 20485
749 18854
781 28777
562 6804
535 7843
437 25721
595 32074
339 24505
337 4603
410 6657
606 3057
172 4477
545 22742
618 4172
205 31705
279 23601
559 23297
623 3723
963 30401
544 10375
729 16332
304 14228
702 32554
7 7703
809 1164
342 21600
51 3805
512 13789
602 8985
496 11918
8 17762
531 23737
847 18513
903 31455
384 9866
165 9710
357 6803
547 21432
99 26854
620 3492
860 4164
588 17316
115 21581
711 19303
497 22094
417 24527
784 12378
524 13477
622 18076
485 29324
509 17131
807 12083
561 28319
541 13775
353 24227
138 13257
297 9676
587 7603
359 361
423 24705
357 13340
918 13046
814 744
568 7004
292 2186
655 32120
226 21261
168 17597
454 32665
750 32448
385 18572
527 31212
129 14795
11 15479
463 32603
386 26516
581 555
462 23275
194 18228
593 11334
769 17604
167 18317
774 8727
255 19188
419 5416
870 29555
3 21190
605 11639
405 17642
157 7639
690 31560
112 14089
2 2596
977 11926
140 19303
766 26315
165 13810
397 8369
515 16178
853 2624
42 31477
294 31952
599 28028
964 32720
371 17361
784 25530
498 26203
959 2374
492 6575
247 10463
292 8617
104 11859
167 6844
487 31950
159 32134
593 12041
945 167
269 10175
220 19668
506 1633
547 14119
348 21514
621 30137
529 31925
659 627
825 26798
569 8225
165 19014
360 13768
439 29643
771 29754
115 18871
953 31207
812 9512
267 26870
681 14992
191 9109
930 22702
756 8845
270 5053
310 6681
886 12523
84 24824
56 26124
368 19905
948 16784
839 32375
907 20146
930 15965
562 18931
492 32267
17 31175
758 4546
840 32654
111 10749
940 13509
63 14920
535 26750
765 16981
422 4365
319 11597
407 17925
435 15204
234 5731
940 10672
87 3848
535 3131
816 1389
511 3671
321 31378
853 3377
77 10807
732 16553
107 6735
196 26209
761 16050
309 8980
367 1298
983 3626
671 23856
783 7049
187 4431
156 22445
464 745
147 10747
234 8098
736 4434
296 8826
870 3812
794 30022
545 13124
344 18017
937 447
844 9887
26 7664
106 17282
66 30607
519 4529
699 26762
888 31653
170 31063
445 26790
94 16264
758 12278
301 2720
252 19532
867 21285
987 25475
541 8182
478 30356
765 21983
972 19906
62 9579
970 29972
931 2809
793 23816
515 5394
441 29574
920 25850
398 18707
584 7557
602 5703
340 13356
819 13697
191 22624
910 25817
984 25887
244 25686
84 4292
356 17506
669 20259
498 30842
392 6613
174 554
326 4817
536 18489
249 13628
587 28193
722 2179
815 16321
232 2470
635 1366
587 16087
746 21416
409 10563
654 11393
153 2352
331 867
743 10312
525 31354
776 7732
196 27600
326 17261
183 4800
198 17999
423 27053
207 5744
382 4084
598 6703
79 19486
824 25232
999 32347
207 20807
700 5932
17 25874
533 26207
85 8268
787 22080
352 15808
223 26382
535 10171
708 32428
702 25957
37 24729
160 29264
618 25122
848 13394
527 11990
775 912
22 12603
862 30940
703 29631
727 30273
724 3569
599 7643
538 29169
87 10988
45 11813
731 24877
186 30510
770 1634
587 3611
272 6705
463 22236
456 16436
96 13049
734 4173
393 29828
756 16698
272 32076
75 24937
120 24147
628 4621
818 2946
351 30833
805 30620
580 22924
523 11377
321 5079
798 13140
668 27483
195 25038
752 23566
501 24212
349 26207
933 29367
291 2576
889 31515
287 25412
723 3626
354 7641
332 10697
326 13047
969 32139
259 9449
148 9509
481 11564
205 26403
614 4294
243 19417
338 3801
829 8347
729 7544
158 15153
544 26809
73 4485
500 18444
137 31135
864 7627
317 9683
854 21778
826 12601
784 29136
24 20574
214 26398
369 31289
370 10192
856 7521
139 9546
239 13693
999 12438
651 21755
821 29107
748 30469
169 26927
967 11696
305 12280
70 119
656 26991
164 3817
417 7102
721 19358
983 25195
988 25455
10 12078
834 9446
140 3328
90 31732
84 6517
619 21986
339 10315
936 394
85 17731
51 24519
459 2095
607 30762
359 28493
138 17903
599 13267
443 20783
797 19659
41 26711
38 5153
333 3544
258 16891
440 28192
588 12872
247 29130
707 10396
862 16401
511 1595
723 17803
679 9844
85 4884
459 21808
589 10503
230 5066
723 693
654 8225
868 30223
887 29164
754 15270
253 8782
5 13014
345 29099
529 13885
413 24505
888 5234
219 2522
721 244
227 17321
496 4449
771 7634
600 6889
69 20264
727 1025
411 13297
338 24156
254 22404
88 23831
215 15383
539 31540
957 21714
788 26185
857 26152
438 377
382 16486
622 5284
854 2188
89 31707
712 861
487 27415
78 5810
127 6698
934 29971
459 27893
503 10120
4 27612
751 27053
657 8311
210 3077
717 10890
830 20624
198 8504
181 30112
301 5235
906 25320
571 17079
871 11478
985 22264
223 25123
619 17113
663 22440
501 2334
291 26227
342 3172
326 20506
36 13839
289 15695
233 2437
424 2741
277 30618
322 22514
947 1610
744 3334
704 8366
399 18907
386 9001
121 29724
765 30691
424 22347
396 22392
829 2830
37 497
136 5066
582 1011
529 29043
983 23606
751 4259
824 5433
151 20969
5 10036
399 7011
119 13903
803 10383
996 273
887 3166
522 4891
6 6538
520 4118
563 9514
645 10986
638 22404
549 7472
106 32546
561 13035
285 6696
303 15986
743 2532
258 2225
606 9383
555 4497
768 6611
664 13493
723 23606
748 1639
186 1686
366 31954
937 28301
799 14705
651 22936
526 1735
841 2154
711 24145
838 3206
252 2745
697 7180
961 14924
275 22483
614 5550
506 14265
145 11980
204 4407
234 23571
576 27705
483 21472
538 6700
864 7223
253 17240
195 8887
446 24176
164 4301
750 18023
430 12329
504 25222
173 29550
924 5308
295 30510
707 25141
584 3861
444 2605
51 13156
38 32519
566 25249
455 30105
725 19341
213 32459
298 21335
867 24416
875 19471
134 6675
220 28509
512 24550
15 29043
365 23223
993 16448
932 1556
343 17127
776 2640
400 11631
352 19926
197 15548
372 12478
806 28350
193 9886
599 2792
734 8867
715 3812
80 2528
744 21381
507 8165
651 32253
402 8596
893 4432
729 560
983 13320
352 32439
129 32299
811 31602
385 25450
608 24522
138 3483
224 25693
627 15209
634 1873
386 30538
813 6888
297 15026
252 8789
703 20871
295 28879
938 4564
599 16099
275 15297
233 10766
274 5571
728 21131
653 6416
412 2922
3 16982
455 20706
774 23212
546 30952
672 19657
315 20992
164 23155
922 9300
969 17979
509 18691
547 17768
536 19387
794 20017
672 19082
767 5679
458 2033
203 21777
791 25403
667 8082
164 11020
370 28328
231 32317
597 9982
716 12007
324 13477
697 23486
783 3847
662 13217
40 14620
298 5999
32 4576
642 3611
364 2308
930 16131
217 3043
401 26237
525 16057
840 30899
17 22031
899 26290
796 9338
52 14781
521 12421
212 30951
188 26348
428 3297
160 15627
363 5648
701 22421
360 26850
808 2441
186 9315
356 16226
718 5899
600 10895
49 26074
24 16674
430 10664
688 26060
370 30390
190 19465
391 648
560 27800
374 23543
974 7726
72 27010
985 9835
31 8677
316 22285
712 13037
986 2916
860 2698
889 6662
959 30246
445 3779
744 19509
79 16603
555 21517
335 6511
83 24568
24 7734
28 19848
987 5233
31 24619
711 20513
871 10751
208 887
149 30440
653 8844
735 28127
343 12114
222 23693
430 459
719 24856
214 24696
714 26173
698 32021
226 9631
679 10627
476 9310
925 22790
51 24044
761 16816
851 4380
286 12829
357 25468
862 28513
419 20197
363 12095
189 3408
923 668
146 30443
924 17458
866 1645
156 24457
468 30630
348 1059
540 13402
533 6391
24 847
676 1058
162 11685
714 6872
464 3686
847 19872
771 16478
816 25793
381 24109
175 24823
190 2202
442 21611
232 10026
454 18402
130 5874
877 53
842 15273
413 14337
991 9985
700 8607
909 18999
89 17751
778 26089
941 4048
233 11305
769 9419
869 18639
489 18961
112 17427
490 32426
884 29531
72 4688
66 27729
707 20772
649 11833
387 6047
426 30082
146 25290
490 28058
808 12466
943 13575
269 17686
846 26548
874 9828
340 9096
553 26340
835 15165
790 3634
112 2928
542 14065
219 9716
967 13502
271 18284
384 22115
690 19225
555 6221
335 4336
848 23361
338 2544
940 29514
731 24242
513 8950
751 25666
400 22209
748 21293
212 13522
980 29915
329 21733
355 15135
181 13449
900 30221
782 15243
888 7180
924 25778
993 22572
656 24236
759 21177
788 14665
904 26640
501 29415
861 16817
327 31278
19 1430
824 30717
175 4035
760 30115
142 27167
247 13139
132 30338
760 17106
731 32527
684 14963
478 8388
642 5189
302 17487
549 3467
693 6435
806 6764
857 18124
661 16876
115 18559
658 30235
177 9974
176 15500
785 1147
932 15113
743 12098
850 31877
833 11771
346 594
225 31400
465 30101
370 24492
346 3318
518 11045
46 31388
143 11388
418 30296
733 12347
184 14368
152 28190
793 30400
655 7532
442 16076
120 9095
20 13785
384 4290
96 7660
909 24436
722 11571
298 10571
581 3571
419 18146
664 6850
578 3477
352 10998
889 8084
774 861
129 566
138 16175
986 28304
24 17728
300 4167
986 7546
374 9890
486 14987
460 15331
561 3035
382 26328
332 27585
447 19117
383 15862
540 18692
83 21066
798 6727
84 24469
505 16445
871 10993
925 1756
303 12070
252 1887
39 22630
6 24984
443 10299
130 8070
903 21949
46 30506
981 15880
1000 24215
9 14573
798 9801
583 9704
563 3511
776 17746
19 1579
216 12760
153 6098
555 3628
438 7439
146 15098
645 18453
168 10526
117 9909
474 7188
823 6260
615 28848
1000 27361
636 15375
937 4134
571 22221
5 9180
516 10360
499 12836
756 18245
765 29939
982 16386
496 31661
232 6732
605 28918
655 27906
607 29381
813 5882
782 12473
634 28658
523 17585
864 1481
117 31127
692 14831
371 29820
210 21274
963 29674
192 22330
371 6517
974 16816
726 29076
475 27066
145 11695
292 11570
486 17529
201 13177
800 27776
112 23726
553 9475
463 12579
737 16643
492 25873
280 10396
15 17546
845 17558
586 7088
663 18488
583 28453
44 19804
51 6338
961 30409
353 7308
906 3260
11 18915
250 18376
637 31997
381 15840
490 5267
163 9651
11 28634
848 25656
108 2229
106 6281
785 32297
570 6644
866 8977
559 7247
803 25875
95 28301
103 8146
648 1935
254 12389
742 21820
172 23817
565 468
508 25874
194 9089
589 19752
245 2608
588 15279
33 8094
129 31111
368 3510
190 27382
440 7962
246 5346
154 3584
51 580
613 13631
51 7641
478 22441
995 21531
516 29084
620 4463
9 18644
421 28832
707 11907
473 11660
443 10148
315 12317
205 28556
71 17275
218 2242
155 19840
370 20496
950 6765
94 17882
583 4315
870 431
409 25076
294 1054
646 2530
678 23243
145 13448
881 19138
673 23152
702 29962
523 10757
486 10622
622 4355
581 23512
469 31275
573 28431
152 4923
895 19171
173 12061
267 28597
782 6239
387 31901
634 26595
978 23479
456 13272
666 2237
856 10984
343 9691
741 28595
630 21182
521 18557
883 31215
207 30499
121 2143
671 19796
834 17219
45 20733
161 12321
275 1285
302 17195
784 10811
883 18381
872 3213
213 14210
423 12410
21 29419
865 29898
423 4386
179 31868
658 14668
511 29952
865 14957
115 3238
218 21889
716 11607
621 28104
402 20355
327 4961
451 31066
720 7194
276 15935
145 16007
269 21113
866 25425
965 1836
43 8401
77 17032
273 5341
529 18497
588 4322
613 26175
743 19507
53 22934
559 4257
248 32696
991 5452
837 10218
979 31673
813 6388
620 8996
851 7965
628 17943
298 13910
402 5691
823 9398
496 19055
471 6438
443 21271
873 8798
259 10422
999 4624
659 26816
336 8290
155 13481
890 25506
597 1858
823 28725
885 29765
950 13521
636 1582
155 26349
446 11853
337 4981
2 31514
695 10177
690 2248
448 1736
325 24605
936 32401
889 14208
203 12779
676 19028
560 19038
173 14980
815 1633
326 12383
919 30669
366 11431
803 1682
668 16612
742 2985
542 8702
724 6218
91 18699
954 15710
517 5734
1 26423
11 11009
135 8575
741 27644
527 22382
98 25718
130 25664
303 31139
542 2023
193 9502
238 5117
85 10625
658 25852
565 30004
640 31665
798 10114
843 19182
952 27634
83 3456
885 8148
957 14432
774 30234
805 23854
122 3433
233 4314
601 11376
31 10917
480 6265
234 28488
861 14909
705 31858
5 1277
601 2168
892 21454
868 19016
93 12597
361 7584
451 15603
46 14205
112 9250
636 32469
883 24449
666 23944
703 11277
677 7573
521 29137
254 9865
138 3326
155 12094
191 11582
115 14273
901 16198
4 24468
193 5290
728 27670
910 15862
360 4927
232 19194
614 24208
921 25957
289 14922
130 31126
85 1247
245 25006
2 12966
944 18154
374 22994
37 11568
693 15013
335 23783
112 6113
511 7948
483 29568
416 32642
276 932
888 2474
689 29649
776 13108
928 18010
494 26933
413 27161
753 29561
896 22627
44 8730
85 20283
951 31057
856 31686
258 20365
704 10496
635 4546
979 18092
170 8708
266 23697
747 1108
207 15843
708 19898
204 4352
952 2452
622 32605
587 2349
610 8639
311 20881
383 31918
918 7072
260 8486
361 6754
979 17809
296 31642
494 27378
603 22174
736 25187
297 32101
272 18113
382 25570
122 16038
218 4496
246 6807
496 20815
205 9087
76 4974
169 11612
265 13833
996 16953
610 10133
388 31068
639 6073
798 20160
787 10847
824 3782
851 24844
195 10791
73 11884
817 1581
786 26674
67 7459
204 2847
526 778
829 1375
143 8845
808 31516
277 17975
889 14670
598 16868
595 19152
308 20597
439 25529
33 31176
944 5865
385 5352
965 2530
640 14976
894 6874
740 15254
963 11534
691 28789
473 3928
31 29675
887 12548
737 7861
720 6368
557 22328
425 21138
61 2418
742 17966
400 23343
784 11784
756 28800
90 7879
993 21609
852 21947
912 23002
79 16753
837 2272
138 30852
48 27677
820 4789
410 21110
899 6206
326 22795
196 31588
781 20844
36 20556
944 22538
855 14095
319 12011
183 11280
935 12450
680 12942
188 28543
649 3445
987 21763
133 31354
787 21910
379 9062
340 3196
690 14770
65 21510
481 28757
659 11781
143 18394
990 4228
846 24757
351 27319
453 18391
126 30254
702 29056
8 10318
788 22101
385 22530
658 26290
776 27566
960 18497
563 9061
847 4556
517 21339
488 31055
661 8861
999 10322
216 8703
230 10869
2 20310
543 10829
425 22760
265 28782
211 13601
496 22729
233 25224
398 12857
899 25585
902 15448
598 19699
83 14231
460 29340
308 15246
675 5220
890 18320
944 4448
621 16771
549 32184
932 22254
121 11355
924 29780
7 241
444 18113
778 7698
614 31650
375 17333
703 13017
131 29163
635 22289
407 9165
507 20559
929 14002
960 17610
549 20902
509 23549
211 24856
712 14330
91 31443
729 6401
142 15920
454 24401
15 1161
14 24382
963 30192
884 15236
948 22049
199 14811
708 7606
16 17868
824 13210
835 5570
194 23232
594 9828
100 10261
934 34
554 5299
167 31502
383 87
30 29934
19 14357
161 11663
531 21834
279 15708
345 2259
517 23086
934 9852
103 24166
253 1211
811 17978
882 1183
163 5964
347 22019
697 26241
270 19463
656 28688
443 21953
840 30169
83 28463
339 22521
985 7792
390 7067
135 20788
394 21520
493 11890
875 8739
678 12377
104 15782
939 6792
492 15697
92 8321
380 4301
691 20571
35 24843
692 5560
930 19162
11 26871
372 10169
844 32427
905 22761
952 2891
497 18631
190 28459
564 5721
753 24234
272 7975
33 23213
578 23372
996 3405
592 16332
910 24269
886 6952
191 22223
631 8240
404 7623
191 4889
56 12975
663 19663
285 10493
241 2188
61 722
188 12202
134 31604
514 6070
669 22014
864 26309
914 1110
229 4619
301 14944
607 10921
623 16753
923 27847
773 8199
323 17635
520 27063
413 16232
680 19302
969 5763
898 10172
267 21042
799 22486
170 11934
111 25659
800 15530
662 18962
476 28876
702 8338
660 5148
77 12985
166 19370
849 24897
249 10773
969 24784
239 32601
525 10351
342 23273
321 9277
336 29694
70 100
559 27694
673 8269
149 8256
768 5648
547 31551
562 11823
688 32717
687 25475
37 31674
600 20342
198 6613
840 27251
59 17922
179 12443
688 6029
517 32442
122 13758
47 15225
811 27310
414 8405
848 22616
828 14799
281 1011
610 26725
952 11136
790 1986
246 6559
898 32434
394 27558
165 22104
523 32244
879 10531
688 29315
39 32254
846 1469
390 25543
251 9617
553 24835
912 32453
659 3024
220 29838
834 24090
750 13918
147 6674
675 26621
80 21212
177 4059
41 28040
347 16293
681 11844
910 11030
378 9680
723 8464
963 4914
983 6891
265 3498
487 22029
804 2792
655 11194
268 5501
581 6958
339 18320
418 14825
517 24018
769 32331
853 30388
627 6240
217 20951
658 19709
361 9155
164 1804
788 20957
522 4900
621 10899
802 14685
564 28122
681 10594
831 14810
285 27847
514 12263
515 21405
212 26036
124 3908
980 30403
798 28545
292 18976
864 30160
821 24655
677 13052
675 15747
836 8940
803 17425
663 31424
826 4899
324 7453
936 15793
33 10436
261 28077
35 21866
362 18302
776 4804
451 8624
995 7649
811 25834
960 188
513 10272
608 12306
146 23817
567 15217
374 8404
45 17298
615 1303
354 10984
744 25864
494 13433
291 6895
39 1261
238 10715
204 14820
438 12180
194 2957
684 13010
5 11381
983 8620
321 23452
299 5203
465 23758
312 10240
632 19248
486 1579
302 31258
320 27646
229 22564
670 17929
109 2180
311 13367
860 9879
518 2561
114 26557
869 7905
437 3946
39 778
336 27002
179 27734
673 16069
158 28544
603 30708
231 22931
265 25235
305 15778
596 19559
429 2746
558 26881
190 15893
528 13715
745 1424
314 20227
508 26207
913 28222
598 15360
334 32463
672 9069
972 944
203 9878
490 15967
17 15374
522 19509
488 28421
472 11764
189 17270
575 28063
21 10913
473 22158
2 7100
190 29633
883 9446
663 18549
789 2140
259 30453
337 14831
137 18867
454 20662
783 21143
649 16640
210 5271
9 29324
855 27528
568 1789
786 9779
823 25736
893 1708
969 22768
291 7391
44 26804
510 12140
971 7815
718 9909
575 28416
938 11828
230 1171
660 19
996 1984
936 3830
114 14218
781 540
589 26155
255 14246
25 11782
436 16694
53 29405
46 3772
64 836
472 15245
188 28245
125 12726
178 24998
669 6031
270 9080
353 15251
852 32049
801 29294
995 10765
476 7000
378 7696
736 16034
976 14655
459 31374
272 15119
153 12900
341 2590
910 13250
970 9249
902 17972
29 18973
451 22788
669 15579
80 17236
282 7574
28 19049
52 18166
416 25162
518 12866
4 23690
180 15569
703 31074
699 25025
366 3843
408 15340
375 15145
251 25624
238 21236
381 32622
736 1268
697 4654
118 24962
231 27296
820 15703
462 14414
515 8791
299 9072
651 17070
165 30888
837 8734
59 15599
528 27031
760 15823
298 6409
197 29140
474 2934
104 15677
691 331
796 28406
180 9456
601 2507
254 15774
605 11734
645 1137
491 13881
867 20414
115 24339
617 2214
618 1964
111 7915
20 25843
118 28419
143 14379
660 20075
786 24033
311 12862
110 18721
758 9222
699 16105
453 30930
510 26078
39 32393
233 32318
553 4989
507 22038
500 23619
986 19893
147 3011
535 96
742 29067
937 25927
919 17001
637 31928
531 20280
412 23955
730 7674
525 14078
139 6439
460 6745
833 18757
115 8565
955 19641
320 17664
627 477
7 30532
324 5970
146 22290
594 30360
678 3832
117 15579
200 13498
718 13840
224 15616
453 3649
76 22349
73 11557
744 17968
234 28660
245 1982
972 13689
135 25151
829 28777
772 10536
745 13299
274 20042
491 28312
752 4936
775 18237
71 28494
6 20607
986 32000
777 1606
172 1201
602 18845
145 30422
255 20161
272 27322
416 12663
567 30067
668 9123
776 27924
670 27159
147 27684
150 7081
75 10575
861 22152
557 30556
569 24528
790 351
290 24923
333 5936
900 14811
81 7707
982 4901
516 31193
314 13008
848 447
639 14591
929 22070
211 16763
787 10859
748 6917
85 22088
657 2282
303 17570
36 17111
280 4532
683 9967
75 28108
159 21019
458 6212
453 4769
163 1716
115 26873
802 3174
909 2780
376 5642
201 7325
795 19883
136 5308
654 15074
78 32185
922 13130
267 2598
236 12083
83 12032
697 22171
739 14399
8 23130
325 2988
631 28060
86 3571
481 29588
958 24057
302 13679
991 23151
635 13447
857 9640
355 27866
438 7079
934 7098
626 28285
770 24262
181 23762
447 16152
764 14017
743 31936
468 9449
358 11889
25 26048
222 2427
22 29995
118 26105
621 21068
604 21324
562 22427
776 20680
163 22841
300 32428
443 32129
89 23384
591 991
395 24762
600 28133
807 5642
378 16027
795 27063
453 17431
984 26529
282 8014
388 8072
896 32298
219 20420
39 15325
911 10295
772 23412
853 14721
543 4271
233 25714
450 19216
637 24005
267 30514
958 6667
91 27228
192 13797
328 11350
588 11894
352 4987
30 32280
870 26384
619 29006
770 31700
739 18427
556 32472
139 30417
570 25233
39 7435
139 8748
574 607
98 20257
478 12590
678 7435
778 255
121 24503
217 9515
472 12155
369 5081
691 10185
291 22829
302 29699
385 10941
631 7825
445 20293
713 22066
204 11931
56 7567
427 7653
757 6422
696 15369
356 28421
173 29285
469 28101
568 28097
912 27770
62 9089
957 6616
170 14111
658 11576
136 21465
214 11755
567 20135
598 17614
630 9328
493 19486
774 10365
258 4494
296 30510
149 32407
785 236
625 6928
219 16734
200 7678
158 30432
99 173
631 28209
66 18432
79 13931
780 30725
295 20793
550 26060
138 13124
681 23418
533 10478
607 17049
746 29507
446 18610
939 12588
449 12830
405 26854
450 20249
602 17843
965 18200
316 24016
241 11869
871 5286
96 6600
542 27972
834 9456
441 24845
140 7794
645 3758
574 20105
13 21844
86 3039
432 12315
863 4771
426 26057
342 20956
551 24764
743 8957
885 17185
266 8121
738 2919
276 2584
590 23795
548 31435
834 16662
331 18877
473 29756
767 25834
149 4966
610 2420
862 15834
134 4851
215 32536
932 21773
945 5393
702 13128
100 26260
225 27419
91 15881
903 17483
591 7265
155 7029
431 14413
886 31462
935 32174
546 13747
910 8525
246 14599
436 7373
809 1975
436 9950
546 5148
702 31667
247 27681
368 2485
708 27547
126 22137
375 26841
544 12271
570 3964
323 32221
952 23945
955 18316
84 30397
39 16834
494 16929
517 30959
911 1502
79 27563
263 30033
694 10592
277 25954
111 18756
903 6930
315 19851
682 26708
779 18138
156 2846
851 19454
560 703
239 6622
459 20339
732 28590
180 20533
624 31590
313 13012
348 27251
352 10825
840 29356
538 24392
256 26503
823 20245
462 12173
910 3225
305 11787
324 6069
948 29963
831 16086
865 21378
707 16074
728 5067
557 5330
690 32340
950 14072
75 29848
202 9890
192 14413
633 4456
461 13022
550 29731
562 20763
990 29766
543 18224
555 25458
781 20691
578 8516
943 16834
42 20338
89 31341
359 3094
272 5359
397 9801
258 24131
952 244
23 28597
299 6115
184 31894
447 23323
255 10292
231 21614
887 30730
923 19276
981 13875
401 23260
296 22565
298 11851
509 15771
52 22373
670 23507
587 29538
324 10490
502 4610
42 23525
320 4828
548 21505
811 27890
904 15757
300 5258
483 17926
923 29497
303 29923
761 9793
868 31875
911 30493
885 5988
924 16985
772 17813
319 16551
785 32366
966 26160
582 10878
367 19496
862 31173
541 22693
320 27171
710 6321
415 4625
242 157
284 911
605 1689
974 23389
241 19330
632 20590
334 17915
139 22426
716 9151
374 12179
91 21814
572 26906
216 30534
221 16243
522 3947
783 21782
206 19978
926 10407
888 19202
785 22056
627 28805
399 30830
251 2086
378 16081
704 7730
707 2856
294 12100
919 11253
163 21524
144 1756
241 24464
567 18266
621 9006
888 26035
630 19840
478 6700
138 5897
962 4219
357 12623
86 28540
268 11313
990 2341
641 17787
105 18108
656 22200
212 9543
97 21831
239 22085
958 6321
661 22683
288 23354
526 7633
333 10422
439 3966
294 12190
389 2305
942 10339
326 6514
916 18178
105 8665
5 27353
470 9117
675 185
352 21311
659 19260
194 17223
742 1369
944 15231
742 4917
576 4192
892 13628
729 3786
607 29041
747 20472
791 9986
975 2482
490 32
664 11972
447 13837
1 29616
434 23415
369 2976
688 8452
61 12702
163 18478
813 20999
264 14417
858 26685
38 27138
445 25757
290 7331
548 11953
665 2612
465 6054
5 3436
59 20736
428 28169
225 15244
477 18276
748 8854
365 15688
52 14173
713 29444
302 24772
53 30911
845 13130
556 8972
503 9532
49 191
937 21290
61 25342
245 26775
361 11163
730 244
47 21921
421 5328
620 27692
591 18249
593 25470
439 10182
970 2128
226 15336
86 31078
296 26045
897 24422
608 31287
678 22250
823 7133
153 16596
85 11713
220 27874
344 29362
936 21122
421 11442
678 19431
652 20651
542 1884
868 8797
264 8920
695 19611
202 9683
703 18871
274 19801
833 12347
692 24157
345 14297
173 29263
790 2725
592 29169
695 13954
329 12902
174 21210
97 26763
212 11923
826 26251
245 6718
764 22446
70 8849
687 28274
628 20247
137 14557
30 14630
970 3857
878 3858
302 20513
260 22432
794 24867
12 2493
627 8839
89 19568
164 20391
337 29454
279 31902
787 2477
806 9822
407 1498
153 2301
125 28559
26 12368
736 5727
816 30395
892 9972
673 26183
254 13499
164 12277
795 3038
718 11603
908 24435
250 8268
864 10227
942 9540
146 17901
372 2917
701 15611
111 1843
573 6902
623 29543
64 24422
686 5114
996 30524
475 3968
555 8388
351 4791
437 19413
151 21088
932 19019
993 24397
598 25782
162 188
366 10068
415 2275
676 31549
946 22476
638 24542
672 99
183 22696
65 17358
752 25353
280 22268
948 2204
956 9857
856 24989
741 3233
594 7071
163 11690
353 22657
947 28296
341 31134
747 14739
945 11076
593 1451
302 17512
406 21383
2 20119
73 5450
545 18992
610 13399
426 721
555 10599
46 2063
982 23257
52 7786
67 13641
177 15487
720 12899
470 26752
759 16889
154 2530
242 18772
9 853
186 11464
877 10489
96 6027
597 26319
459 30152
643 11118
732 21742
90 27383
558 7758
871 20042
835 24549
399 25210
138 6006
314 23679
821 13277
14 17707
426 16543
135 8544
600 28613
246 27263
829 30187
616 27427
261 27796
712 21520
558 11968
423 7526
26 25537
75 2075
516 11338
438 21415
590 9673
112 31745
723 14326
591 5067
808 24748
951 3785
161 29177
277 4248
153 30321
168 5021
17 12231
74 31803
733 25502
770 27721
332 27292
494 27331
271 13760
328 13247
891 15862
62 17571
378 4585
215 30870
302 30233
482 18740
264 19245
561 1926
312 11914
446 8497
366 2340
221 17901
609 148
227 313
86 32364
685 7246
331 16839
139 23633
772 12068
470 28876
221 21108
632 9823
417 18289
227 12723
171 31794
174 9904
372 508
555 28656
28 24668
692 23155
228 7794
295 2452
331 30352
263 26427
119 26628
541 25685
774 6961
974 7553
406 19429
895 14348
674 11750
199 2848
630 32718
596 26936
853 16409
25 7639
856 14461
270 29562
530 21370
416 21963
354 28721
251 25623
169 10361
997 2050
61 15664
756 25722
788 7375
547 12521
61 14401
97 21679
236 6646
139 22223
940 29491
115 30184
458 5036
592 31848
847 32596
816 9468
502 5748
35 9035
183 1018
395 9443
835 26132
249 24179
321 25854
505 31036
680 11289
24 29890
878 31036
29 20679
761 13902
166 4985
772 20757
845 32747
684 17737
971 4290
75 3309
626 2865
21 27359
417 15911
265 17325
660 16838
579 30890
451 19224
111 31041
140 26621
904 32394
523 14184
738 9499
713 29131
52 22817
226 21968
11 18607
659 19786
371 20565
244 24171
559 5621
867 15671
675 17874
265 4408
279 9706
505 17268
543 29574
822 26780
393 16143
652 7046
526 14883
74 23517
533 11240
862 17688
869 32672
697 12712
297 8574
589 7798
297 7608
92 25228
294 13790
107 3858
150 24682
607 2941
817 26264
590 16899
146 5240
26 28754
154 12097
833 28801
10 9704
520 3655
848 12273
218 15467
733 20102
403 15995
36 25542
90 6849
84 21599
894 26739
665 26463
152 20010
840 22599
442 17557
890 20321
334 29039
716 13396
74 11950
84 3830
610 4606
782 27233
679 2157
656 28233
831 23144
290 8845
84 11238
259 4363
121 19683
888 14777
227 28176
493 3314
516 3529
793 24589
494 12615
77 4148
14 15895
670 18291
479 1994
275 6160
329 26095
136 25115
48 26174
957 14149
746 28438
921 12534
596 26154
987 27801
764 12151
98 8763
460 6265
939 2388
605 926
507 32740
907 26619
517 10178
48 31037
574 28209
275 3043
88 12725
434 2475
228 31269
541 2634
827 30464
621 25696
679 14340
965 19115
749 21501
24 18811
454 29148
915 14438
742 26632
612 29756
908 26105
796 30014
484 23554
985 5514
913 5486
902 7130
279 14543
327 24174
399 8851
80 4679
92 19928
302 6806
95 16258
928 27764
46 10122
110 23251
330 11416
651 24245
712 5589
431 12188
504 18170
528 16449
37 17070
747 29576
244 9998
885 7604
752 22669
167 9687
365 20222
985 23437
28 14575
253 21738
151 26937
264 26801
846 17109
733 6343
112 5873
115 231
837 10563
975 7574
852 20126
309 32602
321 22979
43 15911
554 19065
670 16666
25 29408
218 11882
804 1794
68 6043
692 19115
474 13812
203 20859
901 19252
385 1337
37 31361
448 26218
54 11681
591 15138
515 23148
604 8219
880 15489
878 12292
876 22329
73 13595
270 21465
27 6398
238 4108
895 1726
904 28816
888 29494
117 19503
376 32667
139 753
89 27220
94 5520
276 523
518 20780
160 20228
491 25408
862 26285
694 27093
667 7543
770 21493
661 2789
219 9827
289 5090
94 30857
868 28504
889 15794
616 22782
988 11897
218 26226
872 26241
418 12935
23 2663
195 21216
941 2549
627 19390
437 21145
325 30230
487 1557
269 3047
240 2423
739 20170
178 76
709 31947
566 2065
966 1911
703 18410
235 16694
129 10391
983 29915
922 18595
429 7034
375 222
830 9337
426 3342
12 1002
827 11490
695 31512
189 20775
869 20320
123 10558
407 25411
386 9422
394 26041
624 15798
955 3015
557 7750
95 2131
577 30638
10 13880
766 7350
670 10390
984 13488
558 5483
186 6827
875 20072
651 15594
15 15357
305 4245
184 3767
484 28077
263 6859
918 26437
386 4595
498 29680
815 3960
851 31350
434 10896
70 5835
505 747
674 11073
470 31625
838 4604
452 6094
461 678
397 11992
918 101
643 26896
782 25610
798 15359
290 22156
782 22628
263 20404
930 16003
837 27929
600 27839
772 13647
901 23659
765 7004
199 16606
324 22123
561 15557
293 25029
951 446
773 14588
331 3618
497 9321
567 32033
437 10713
588 7445
502 30084
490 16400
376 20287
921 31415
440 28658
88 17748
753 19275
940 13094
369 8628
163 13308
361 28291
720 5122
360 1649
250 11738
346 31310
273 750
440 4595
249 11781
927 29559
250 25621
101 19110
838 30552
841 1198
301 4258
371 29724
374 4850
492 28935
671 23879
47 18827
958 24245
511 5754
121 12471
955 18509
763 11207
712 97
112 10796
614 2656
827 27924
302 2556
381 22498
218 12516
569 30153
957 4336
694 32154
420 24223
709 18394
765 14276
3 27416
279 17020
41 29309
27 14435
466 25253
538 12808
477 173
855 18078
420 3982
454 21492
548 30633
860 679
198 3235
737 23190
173 25970
20 31638
297 31416
341 20071
979 32592
17 16871
778 10023
897 26758
869 20558
300 2554
698 16973
623 32052
535 30649
850 24210
935 9737
717 30294
71 30629
194 25431
113 11328
229 24054
592 4968
833 10068
246 5467
572 30914
203 15901
214 1913
391 32455
894 28812
569 6434
118 8474
320 26996
776 3784
315 666
521 21614
532 20567
493 1809
482 13292
707 22290
807 20201
210 20900
799 28738
252 22147
18 22437
130 5604
580 17163
937 10919
811 31374
187 9428
864 20090
848 6213
906 15270
311 928
671 10757
416 9097
901 31096
548 1557
792 20710
383 29313
996 25487
892 31012
150 8349
353 16290
830 252
221 23907
336 26476
496 23619
323 18133
90 12683
232 730
583 17185
703 16048
88 19707
511 3633
349 15065
317 15660
666 18996
912 8448
496 2161
306 10345
78 347
465 7577
632 12752
606 20107
630 4794
661 3988
72 20546
895 19515
960 320
101 6730
976 29429
173 805
567 23804
922 30555
270 4478
135 8315
815 32166
108 1321
968 3668
84 13168
196 19734
38 25946
827 18772
123 21438
988 8650
591 11098
632 16955
724 22561
472 10596
819 6870
657 19248
484 7386
255 25386
937 30275
296 19255
53 23085
443 10885
330 23893
873 4287
540 2788
922 20867
136 15240
227 13333
938 25289
119 19285
365 18075
955 2542
27 21807
614 26321
815 3343
417 9698
81 11114
260 6384
627 5292
9 27883
34 11090
444 22353
471 2301
987 14314
982 19909
475 693
438 31183
235 1570
866 1314
269 24961
424 10678
978 16315
936 5070
389 10816
831 27784
347 2112
765 29363
162 7710
755 5600
215 8482
761 18364
668 13166
575 30621
882 23603
146 27738
827 20516
330 28768
172 7723
194 1026
576 5211
39 2577
312 28967
92 8877
610 13521
965 10330
992 10021
451 855
219 25958
592 18219
591 3209
747 20096
520 21409
454 18740
197 10907
862 28846
725 12587
163 22126
103 6662
649 232
22 20050
965 19091
709 25946
428 14141
647 17543
33 13217
370 31628
53 29499
277 12512
836 24667
639 12913
453 21113
362 32407
2 32456
769 22854
34 22285
557 16777
739 19122
534 23339
107 7702
96 8375
953 19496
772 29092
648 9780
489 20681
172 9725
90 26391
519 9739
785 7814
710 29766
132 26960
888 29380
536 2398
391 15072
19 27647
874 30348
175 28128
601 25576
891 6969
387 14099
172 16452
205 20032
684 24051
276 27661
913 22242
325 27665
330 26763
514 9652
206 17593
376 28996
421 24383
79 837
650 17385
42 4616
906 2227
631 31103
574 12345
104 20815
639 4207
748 10535
363 4498
240 24400
810 22878
26 17798
279 13954
271 2055
147 24657
883 2793
220 24250
761 12720
534 11898
708 17696
104 30096
390 27472
483 23537
158 26112
678 23678
967 2860
797 8755
270 11234
91 17825
540 23888
310 32414
110 22561
42 7739
297 25098
809 25846
450 30111
329 2353
933 7276
750 483
3 12097
330 27022
138 28877
362 3441
296 13934
979 31998
231 4936
941 11662
392 14741
134 1620
377 1595
770 26767
424 27300
514 2052
725 10442
594 10156
747 5521
951 3754
504 21850
353 18815
190 18133
902 2945
48 4118
8 17546
560 492
279 16109
776 17774
841 22958
936 2006
849 13042
648 6291
942 22196
126 11673
406 17850
938 16892
931 26823
240 17085
284 17427
278 32228
863 32504
951 1998
118 5102
159 2761
919 15545
560 13534
224 28385
932 14318
499 31843
76 4097
950 11430
896 986
799 25008
8 5071
942 7578
99 19159
403 31809
405 9701
289 30015
614 1396
283 31258
73 23907
687 17594
930 5892
816 27169
572 22896
768 1366
490 11293
741 3746
788 10162
155 13055
37 10521
299 16334
498 15062
291 30408
741 10392
453 24119
291 28942
212 24934
346 2556
989 21846
792 10894
971 13746
952 4076
317 11781
382 28686
363 17195
741 3794
303 12550
774 10572
849 20594
868 11101
798 6522
462 25479
473 5580
540 10495
658 22378
414 10244
367 18339
330 18544
168 25154
788 25229
703 12549
978 13865
712 6992
816 22509
853 24099
602 2282
461 16458
641 11381
534 22227
456 20533
776 28101
391 31354
692 26895
863 13008
709 12735
815 30933
470 884
406 7495
364 11798
410 12641
118 8132
208 104
666 19214
317 18305
457 15717
157 8133
606 31183
875 20119
611 27616
608 28725
205 1765
934 12430
656 25954
263 1620
182 31935
610 9297
156 14654
71 5374
414 5680
18 13394
164 1641
829 31704
188 16625
57 21764
947 17916
741 26055
926 12316
659 2913
182 9654
910 30583
395 32435
673 9061
640 29303
692 3541
15 25111
240 30353
806 4806
542 3221
643 27793
794 17001
988 4429
558 15533
226 24525
4 3829
895 14168
363 15064
477 3929
895 9540
937 14169
162 30228
864 21291
215 5605
928 26470
953 15909
402 2585
519 20332
183 3001
10 25104
1 11358
954 17652
571 12591
686 24224
283 28187
307 9367
807 6091
224 7396
894 29140
447 7671
537 11568
605 16559
673 2799
862 14520
139 5930
99 1815
457 4153
229 15107
146 20005
903 13559
678 15968
143 8197
10 18356
205 5485
819 10874
407 7790
265 12556
396 2140
745 17533
959 16115
928 14727
247 8427
116 27076
821 716
789 27937
549 21508
837 1937
905 6711
163 7934
90 14038
430 19845
72 10995
512 25570
108 19796
449 28713
684 9926
550 7352
463 26803
42 31593
922 12791
523 4364
122 5616
16 13588
370 6612
114 6544
215 7240
832 3933
618 23342
535 23194
878 3006
929 11101
875 14552
398 3748
411 23448
841 27535
995 25132
141 24780
932 6370
479 5714
746 10629
101 22354
500 9450
903 2154
797 19142
285 19997
730 962
106 30592
182 16850
95 309
571 15042
203 17565
9 12562
522 10058
411 16131
339 24243
512 22514
830 7212
752 29669
373 13589
257 6500
411 6993
504 14730
515 14842
683 4699
658 2642
78 2904
359 29949
132 16465
546 21358
649 11899
483 9632
654 14274
164 20486
205 28768
978 30148
989 27311
719 17183
232 30011
164 15410
731 32540
798 25571
653 5763
318 20246
572 13714
485 30753
781 20849
879 26239
122 24478
896 32456
601 17796
532 3808
114 26192
715 27247
993 17152
446 11154
645 24764
387 27601
440 26986
703 2384
969 14973
308 19529
366 22029
272 185
141 27181
512 22618
877 25209
165 10450
864 14318
599 23082
524 29439
991 6529
251 5092
761 9218
631 21814
146 15891
538 31929
142 10959
317 11897
485 14263
903 30232
662 12452
89 31334
781 20481
367 3890
194 32566
913 6496
282 31591
643 31036
649 12895
74 28430
823 27591
160 11759
579 4764
898 4314
886 13024
568 9734
922 32655
340 1139
130 29908
791 8131
555 27261
136 3660
108 10925
118 30059
242 24784
737 4123
527 29908
987 966
372 9879
29 30555
156 32155
103 8352
331 24833
696 15306
206 27573
271 8523
901 20710
753 28139
503 25785
708 28954
892 7486
939 21892
289 8099
675 14311
200 11687
213 8225
750 1874
678 4238
553 5347
499 8080
617 27915
217 20335
373 2904
211 6244
882 19188
253 22768
880 31119
121 8306
222 5786
616 2041
671 4790
308 3415
204 9068
195 9335
484 32542
286 29424
513 5437
3 27097
45 5821
79 12768
669 25286
256 7574
413 11181
843 5645
748 26658
937 13733
554 25771
824 1315
135 2385
831 3843
181 10136
641 15632
56 25781
510 13361
685 5116
46 8838
833 5528
495 13235
163 3454
553 8060
837 1700
736 1683
615 22125
626 4525
397 21608
730 1755
627 14907
340 18712
21 16346
353 30238
451 18429
149 5759
957 12496
16 5104
427 7404
514 27112
769 18566
915 17514
481 16102
698 286
465 1051
771 18087
734 1774
206 9777
961 28436
654 31561
737 7080
783 32242
865 26072
836 15093
964 31710
416 26232
134 26674
43 15570
469 6397
375 26014
584 31697
108 3342
342 408
952 10115
739 7883
731 4954
326 7141
763 3336
462 18966
171 10601
230 28731
761 19029
302 1038
496 16757
597 922
883 5460
548 755
859 7353
988 16931
947 25653
995 24423
713 4600
699 31132
952 15336
195 22260
812 25589
306 25581
710 3750
721 7812
617 10232
576 16805
796 10857
460 17639
649 15440
600 1142
140 14191
449 9552
928 20171
262 2485
407 18108
360 27096
985 29504
503 25819
543 28820
381 7674
952 18950
511 14855
811 773
272 20758
838 13946
568 10361
838 16475
902 18671
440 9596
585 17688
464 11689
494 17452
416 25587
293 9453
356 28999
588 19674
619 1349
432 30630
512 16718
409 6888
521 23007
982 12820
232 25118
161 1706
585 30131
700 18605
419 13529
748 2903
338 18101
76 31243
668 21990
189 22923
403 15197
605 10603
66 19311
446 31174
68 31016
553 18735
633 17379
114 32490
434 8983
30 21853
847 25716
514 18625
719 12335
949 24093
584 10138
113 22133
896 20983
150 8766
763 19342
664 10518
45 27389
226 14770
706 20688
194 13848
260 5457
463 20494
750 2209
800 27090
263 14600
399 28427
96 13194
295 14848
353 12987
185 22792
545 12244
725 18497
525 2565
335 29573
3 14349
376 5274
143 14345
47 16809
246 12681
623 16370
177 32233
379 28349
316 2783
519 24212
376 19280
456 26799
941 10856
303 23216
620 13545
914 2705
428 27843
252 26330
363 31462
527 22295
272 13140
846 137
407 8058
999 17180
172 704
113 665
691 3423
171 4125
831 12658
150 18378
106 20049
923 14012
773 9754
119 23870
704 20880
38 24894
188 9769
110 17663
631 16994
838 30222
16 13398
950 18551
371 28303
464 12856
519 32540
560 23286
566 15587
17 21487
645 24377
424 3120
917 13232
948 21768
937 26160
598 2748
34 3914
93 13692
319 31944
981 13974
920 26761
633 21994
356 4492
143 17310
786 27466
12 25107
77 22345
855 27671
564 7406
18 19292
585 5011
574 13096
535 13017
198 21327
370 32063
399 14175
346 30964
670 9754
888 10986
50 5417
52 18476
652 1294
686 4465
181 22875
99 3313
703 289
82 4727
846 940
792 23992
744 17773
881 6883
778 6456
160 8569
493 29104
937 20831
978 18175
925 17970
610 1226
973 21722
713 5219
323 1890
619 22337
965 2822
535 9646
731 17550
483 9664
380 32475
472 3722
843 26560
184 11155
288 20243
238 13448
396 23555
253 19757
565 11435
611 16793
699 5096
846 21155
426 26984
304 9880
713 8196
631 12847
282 5712
609 11710
916 21872
518 27309
5 12845
614 7467
267 1096
877 28193
901 26637
507 26980
965 15916
625 7215
241 24005
897 30672
906 11458
797 19617
661 4713
163 28986
329 30769
968 27109
575 19669
738 9299
768 15784
706 7053
844 6696
418 30764
359 5589
355 205
305 23620
67 28352
678 11119
821 31488
635 26703
888 14184
74 25005
165 2083
608 13621
787 20837
173 2764
357 11608
379 6691
367 15962
90 11916
901 29029
172 7437
645 17614
901 24755
165 26419
749 20777
848 17071
113 10121
901 18511
526 17778
16 4042
720 29275
446 8044
306 807
691 28756
870 8185
54 735
208 7241
543 5988
718 5432
991 24354
363 18976
417 14710
140 25456
200 20818
946 7095
690 12010
386 32510
211 4528
81 13403
804 9859
915 1475
998 28195
670 6688
682 26601
938 5539
922 21685
261 5212
517 9767
124 13064
479 28178
764 6698
687 25133
418 16221
590 18444
511 20712
901 23887
409 32659
149 4122
934 6841
60 7109
714 12959
743 24020
810 13572
379 30505
1 14329
81 3448
68 26355
130 16636
266 17951
446 10856
62 16373
483 29985
39 12560
548 27050
263 26173
992 31839
859 16594
861 13415
731 30017
780 32484
211 6124
46 17004
761 27707
216 18109
416 10732
339 17580
476 11435
368 12895
998 16867
698 8124
739 2259
331 14113
696 6372
220 13910
400 25146
575 29632
162 31881
575 17367
404 22570
227 21210
325 1390
990 18113
226 1586
683 15731
447 23987
799 31545
864 21156
247 23922
584 6014
852 25993
545 19736
396 28709
533 4983
331 27807
910 7399
218 10425
417 30538
814 1165
296 32689
332 8899
47 13353
444 26887
191 22488
683 25786
82 7496
22 26600
246 19202
187 29307
742 3679
138 15278
540 28827
557 28612
388 8747
620 30201
629 4176
300 21177
969 30957
152 31248
232 28822
664 9826
487 3817
385 1884
471 13601
973 23850
939 8936
981 21482
449 19821
924 13153
437 11447
214 14061
451 29497
113 8635
348 25510
675 25402
778 14598
292 24528
599 21770
61 12747
771 10396
785 30362
245 2747
539 31805
140 29062
544 25338
733 16790
495 1874
176 10129
846 18483
591 12284
390 32111
47 4433
913 12909
490 23634
331 31007
123 1692
504 26931
587 895
188 8078
236 24333
185 20982
181 3953
124 19214
805 28803
416 25224
75 7577
368 17814
69 7583
487 9121
431 5482
170 4926
319 29769
784 17246
327 20189
465 19652
18 23595
693 14269
187 18672
158 2571
690 21812
753 28962
912 28706
145 23703
69 17943
981 7381
968 29945
946 23058
271 23242
364 30593
327 12925
833 14025
814 29448
462 12215
431 9402
814 28719
71 8399
96 22633
486 28482
113 1882
551 14050
211 27503
843 29608
260 19329
314 26440
753 23558
956 30726
220 13444
608 29131
195 14668
27 23928
4 19812
307 25210
998 24773
916 26271
665 11974
443 24615
769 16601
841 3615
871 2421
834 2794
545 11091
86 27937
410 16605
504 27293
373 14308
125 12753
566 5521
879 27997
90 13982
523 9697
352 24517
792 30223
560 12921
714 17669
699 22997
101 31449
874 978
789 25461
956 31420
725 13221
323 29415
847 25710
806 24734
852 22690
780 27228
436 177
119 19263
231 28866
263 14777
949 7426
593 9865
44 12348
423 26601
176 12459
265 9481
80 26380
149 5565
583 15350
651 27250
943 32622
20 28775
213 20151
909 17946
281 3175
942 13312
308 7872
864 32120
639 26684
949 15874
329 11882
746 9900
801 25337
499 12238
157 786
494 4855
227 236
843 8487
454 27546
522 18751
812 18727
133 25269
517 22244
984 4236
286 9217
222 20612
294 14939
894 2702
168 18837
638 13442
435 2154
886 24084
895 16449
824 14597
961 14082
990 29078
584 27433
453 27458
809 22041
121 13740
736 10418
394 19927
928 13861
741 32661
653 263
533 31554
784 7845
843 29617
722 25752
851 22631
804 5273
506 7
711 31382
597 22286
384 12549
68 26304
94 32632
87 18531
287 1905
407 22698
7 13176
304 16244
539 7276
5 8119
677 22807
589 950
793 27652
189 22907
191 17301
38 4993
713 80
616 16817
352 30074
775 13967
395 6119
245 3254
944 20240
312 8322
5 23654
245 21004
776 19686
317 9051
238 10478
87 1752
610 22095
327 29187
238 24739
950 2149
86 7137
241 29381
547 21806
534 13983
222 1526
764 8658
526 15676
594 7833
923 13102
555 956
651 15101
945 13576
438 1771
24 10236
901 29350
948 8389
296 18388
46 15213
312 12527
714 5455
258 20051
644 10958
413 8597
13 15686
910 17175
904 21827
586 5593
666 13553
499 28050
305 20180
919 23296
884 5305
798 4732
60 13037
690 8401
386 2988
51 25166
17 1756
716 28698
620 2556
880 30664
275 11351
794 12587
82 31613
275 26220
587 25587
172 16985
30 4650
295 22784
469 24494
953 7805
149 8352
27 16400
954 25958
753 4979
769 1185
562 4202
124 351
66 2203
490 8595
60 4512
669 18626
884 21851
512 27390
612 15497
537 11288
109 10138
459 32530
888 10689
375 22995
45 31303
204 20766
109 4132
220 12485
395 7120
577 25626
808 21335
824 17063
175 17580
692 5407
157 8767
767 26260
437 15825
237 30185
300 9607
745 23435
152 5950
827 14172
22 15903
642 31472
45 28275
727 9212
821 21432
938 31499
972 17652
322 10867
762 13129
279 16776
419 26314
97 30735
973 32141
838 17910
66 24833
776 9026
392 9602
246 1096
248 2091
253 26144
756 32492
909 32599
404 3804
848 26852
842 23760
969 21341
37 11308
50 7275
507 16377
977 22652
819 21048
579 9399
194 5494
968 21813
739 29857
394 21358
924 1306
249 16625
871 24331
184 12889
935 20475
46 5756
548 7072
797 7653
160 16116
255 13957
178 27019
458 28581
291 8483
289 23071
760 17277
550 14542
455 23147
940 5443
277 30251
98 3257
927 499
29 26955
640 18125
740 23397
234 4261
154 26489
648 10656
567 23539
900 8112
1000 25454
749 2150
353 1832
899 14087
584 13747
958 6369
356 8686
595 11231
214 3636
40 17244
670 22483
459 3893
857 22208
469 6434
217 25993
821 11334
206 9610
955 23300
60 21348
625 5909
93 16299
289 4055
120 16351
603 19176
977 11166
981 10996
844 14871
145 22731
700 21442
385 17079
185 11343
278 9740
786 14556
57 22272
390 22122
657 15037
617 13458
151 10165
477 22644
431 8246
239 19441
128 6974
444 19738
492 20368
260 4583
108 13575
406 29741
78 12331
700 6602
9 7170
991 27938
603 9769
926 31184
624 12578
212 405
446 12528
1000 23956
183 13793
816 32706
54 6572
424 10392
853 699
976 9483
151 12746
452 10429
730 19889
672 6261
959 8574
331 22733
292 199
35 29994
905 17983
34 13041
355 8326
1000 25848
270 8518
161 4923
878 17019
223 19153
543 22034
859 10782
947 5046
168 32073
108 14567
921 32496
779 28492
589 4379
416 27978
431 623
283 1237
195 13221
395 5254
981 12602
333 3822
100 5479
423 3115
280 18003
285 6584
912 25736
483 15498
863 32163
372 22872
671 22352
939 30522
822 26230
649 4213
297 18095
646 26005
942 17915
715 1725
22 22709
79 1852
155 2502
176 3936
30 15128
476 16527
637 19022
401 8083
779 28082
322 31030
920 23918
635 29967
130 7424
751 19099
412 30952
183 19600
566 3235
150 15981
933 25821
787 10326
44 4579
759 7455
499 15959
928 9895
104 7719
533 19559
211 18879
858 26698
215 22910
862 15807
301 21863
171 1805
770 19738
398 27880
909 11266
256 7233
938 7631
660 28258
18 5927
754 22329
998 22168
891 3572
33 29138
742 9167
462 17171
18 32042
371 19170
613 24799
68 23040
237 4562
923 6044
989 9930
86 14278
162 5247
73 30246
182 7668
742 10478
837 7942
730 13
679 25925
482 17574
77 2820
621 11456
182 2220
588 5951
132 28758
591 17427
595 1944
562 23727
298 13214
625 24764
254 27517
311 19215
931 9413
957 729
260 28245
576 27934
781 11636
668 12905
518 12573
616 3261
971 3993
146 12750
722 596
901 11633
989 13289
640 16466
744 13439
73 5861
853 2136
450 27807
886 1191
210 28517
995 28322
367 30533
301 4313
674 26212
994 15046
292 17719
218 24229
264 28406
808 16774
168 25166
166 29088
397 2647
634 30440
489 5061
925 29154
775 8802
471 7351
190 31420
643 25225
138 29722
560 259
883 18101
202 26676
274 2597
150 19613
801 30746
534 8072
738 18252
964 24988
899 12981
481 943
128 253
776 18907
385 8246
695 25812
614 10697
614 13688
481 25264
532 28328
715 3046
62 2391
209 5916
368 16096
552 5038
345 32157
815 26581
626 2997
748 10782
136 19509
513 12059
578 23139
640 8024
757 28495
29 10640
798 17834
835 9505
407 28635
842 14526
158 21584
224 22884
938 17426
685 13711
472 24477
115 24749
893 15854
677 21203
916 2525
143 4271
938 2477
479 4030
329 17634
275 10942
242 15442
459 14951
894 26751
760 9814
255 29220
502 586
866 22798
797 2962
976 32045
526 6854
69 15851
284 23990
1000 9148
864 28064
725 18423
370 5542
439 28388
133 23934
74 2070
403 11372
928 2299
800 6253
857 21937
131 13749
969 11291
322 31324
901 17717
614 2645
598 8356
759 32671
785 11922
153 703
990 19384
247 18285
160 17340
550 16782
940 19902
966 9826
765 14126
76 3583
807 12512
35 18686
243 29282
613 15988
579 10125
285 26148
583 23642
278 13042
6 23287
193 411
353 12314
531 24484
932 18838
621 16016
414 25388
57 26454
12 13731
553 16914
433 7194
225 17915
840 9118
408 9621
157 14584
635 2856
721 26824
980 31088
660 26072
369 9366
360 18858
7 22367
596 17235
656 14500
294 10380
467 1282
77 7431
787 4306
165 17407
338 9819
588 12307
40 5191
253 1364
390 84
987 413
248 21068
336 24355
139 19255
838 17740
619 7375
646 15301
217 5428
216 21455
330 13025
226 31705
131 13535
388 12628
467 31544
307 1219
522 19375
44 9233
281 20142
324 24360
578 22656
709 23231
690 21184
252 25971
323 23058
929 8986
583 25617
815 596
385 392
108 12386
822 4324
475 32572
245 29929
512 29149
43 9125
676 25314
962 8610
978 31059
699 15712
112 24513
313 7938
34 29073
664 72
539 21143
14 8381
502 9447
705 18994
469 20711
49 31082
575 5033
735 32535
559 18296
710 11525
146 6833
480 25494
882 10453
796 4974
313 10715
159 1903
431 11211
473 2792
592 2696
642 16393
584 6637
893 15003
921 13852
787 13038
798 11795
83 25874
760 15489
256 28745
33 727
924 19133
823 15009
812 7535
108 4375
531 7280
907 24815
323 12115
773 15990
121 32226
669 2527
25 13584
105 31707
355 6191
27 24682
948 12899
462 29680
927 15447
588 5771
293 2606
303 18852
499 5565
175 11204
132 30967
340 26281
86 27816
517 17306
737 8039
8 23031
645 30917
730 3092
403 7371
417 17991
47 17316
136 13376
972 14742
411 24729
769 6967
628 29358
147 8669
941 32431
219 5206
591 7156
369 12249
690 13712
81 7485
854 18728
397 18025
962 2054
371 8204
731 3689
145 15246
871 9503
742 13638
537 16726
74 21229
888 14000
728 26194
292 20373
531 18512
921 16333
872 32765
119 9550
403 27173
120 2898
764 29943
140 9133
34 17405
546 10846
432 20562
608 10084
848 22799
76 723
134 14342
988 7974
294 28339
123 28119
769 32623
749 12845
515 26343
429 26198
168 18893
868 30389
257 10957
421 18301
98 15555
815 14463
334 9515
291 6976
36 17112
318 20303
659 19690
305 30933
372 24058
471 1390
832 16279
383 29495
74 2550
387 3625
429 27621
528 6053
609 12033
871 3151
554 19497
899 31776
578 9266
124 10423
785 12508
363 24048
522 16901
983 14520
71 6941
295 20512
743 1242
977 29872
791 10029
859 31229
847 16244
456 15997
462 1777
925 26011
449 23931
52 30727
992 3187
545 24144
905 13818
483 27060
186 17505
365 24375
57 28129
814 14578
278 8333
453 4526
771 27268
57 28337
706 12907
745 23512
880 21531
415 3558
601 30102
986 32540
756 10304
908 14858
520 10828
377 18084
135 23668
417 28056
754 16365
8 17887
117 4250
828 16530
325 20352
86 9984
183 20858
565 16125
554 9773
407 2429
848 27455
466 20321
345 24516
770 28816
713 19449
971 10570
779 4405
802 16825
238 30236
727 23497
359 790
566 21306
214 768
590 25588
725 31777
184 2714
271 13663
564 21345
630 7090
105 2851
768 7130
701 1711
74 17485
4 29796
725 17268
147 27646
704 5654
919 12463
142 31253
81 22898
450 31064
45 21404
424 8456
884 29619
270 14591
759 2180
123 3965
796 9328
286 11549
902 4359
482 1288
520 8408
489 30057
466 21382
910 11297
831 31
456 17339
302 31146
20 11426
72 25087
89 13969
529 7900
914 20044
187 9524
528 17294
671 3786
30 11074
14 11775
233 12789
183 5096
79 29324
673 15524
935 9522
691 21997
778 14997
281 21484
840 14162
802 18514
286 25517
73 12196
534 9094
537 10454
360 2697
764 19228
920 164
165 3581
680 2750
404 30633
471 2982
531 1420
266 4425
167 803
202 553
849 17167
230 16138
853 28264
274 3310
146 24147
312 23364
643 13271
695 14941
326 8684
129 5663
563 7637
881 2301
263 27056
364 23335
122 11596
783 509
293 4410
50 13258
968 4135
108 25519
267 29289
39 14813
331 10199
860 23559
232 29662
82 6680
189 8145
604 21281
447 10113
729 9877
505 5134
120 17848
111 30972
290 31061
826 18313
90 12207
252 27710
235 9915
404 27333
954 1676
340 27642
44 15
825 29252
312 17400
995 10278
96 26108
950 32017
212 65
703 1149
879 11027
571 19256
206 7384
109 5885
911 1606
14 17480
134 32467
922 13929
62 5485
984 3543
534 22892
242 6344
209 28613
823 12798
683 2176
517 484
985 18540
850 21977
136 31505
661 460
80 8422
513 9
794 11716
906 17234
728 2971
914 28466
333 13668
806 27278
429 32342
229 125
853 22877
425 858
390 13512
281 9751
718 15937
389 32723
144 8963
988 28079
949 8263
803 18142
947 30719
903 5884
93 7623
493 21153
891 12313
7 14901
507 4544
882 24326
120 14223
518 32407
954 32338
894 10300
742 7429
800 24803
848 1860
15 14645
934 21507
439 2526
198 31871
696 18984
507 1908
271 13519
588 29841
697 12049
46 31785
418 9732
75 30507
358 22060
595 852
45 12621
898 14243
828 22142
681 32014
745 20607
425 24435
159 3660
806 27345
331 18930
433 26808
102 20898
352 4606
573 26372
706 2228
389 10445
965 11864
19 14996
899 10828
115 7906
29 13447
318 30600
782 30859
282 8245
555 9367
5 22343
376 31005
913 26850
231 27766
383 4159
398 14037
877 839
966 23162
57 23649
651 31784
867 22152
593 8152
622 4000
899 7599
816 17674
138 25390
147 15990
380 21673
530 23288
722 25338
911 29791
399 10614
668 3266
950 10272
1 31323
347 28189
198 1432
533 18536
161 11632
338 18631
866 1524
715 14590
277 25894
98 20034
776 21005
642 12528
494 27145
885 11391
427 12389
115 7092
121 31787
570 25876
874 30780
857 7071
103 27039
658 6075
656 12314
223 7279
957 13567
884 23761
829 15433
885 30146
740 19431
193 12248
938 7512
439 7580
962 19832
672 27126
945 16026
350 27365
424 24790
507 19571
298 21669
213 26601
250 7083
481 6975
215 19411
893 13526
689 30881
890 18282
105 18116
978 31298
340 24043
94 10665
417 11482
571 27554
299 13245
534 19672
256 18620
478 22996
187 2767
865 18546
815 30420
649 21910
189 21215
400 11035
952 25553
330 25100
271 8492
43 29975
882 23333
465 14142
177 1787
778 8912
882 9608
657 5272
769 30742
637 18260
932 30579
218 9065
520 16712
148 14036
390 28582
409 26980
42 3810
815 16678
750 9635
679 19233
474 825
976 31812
575 18480
702 7837
36 23845
628 7884
920 19417
439 19894
233 11908
413 27262
149 10604
671 2225
142 8885
707 9920
387 11387
13 2228
646 21790
790 11037
464 20957
573 25163
763 14247
62 31169
321 13869
464 26599
385 2364
476 27135
147 5194
882 7258
868 23631
174 25292
211 21462
739 13661
812 11603
46 9537
189 10167
79 11787
928 2370
859 10013
961 15512
758 26979
1000 17432
7 32065
584 30569
588 25801
177 16213
832 22066
524 17371
746 31365
902 16511
264 1178
582 29413
803 13379
545 22430
100 6599
622 10562
864 11666
606 21951
376 4138
854 24048
948 1637
608 21362
761 1498
983 26803
465 26005
42 18251
658 1807
290 8336
409 2909
831 11364
96 26791
368 2642
566 29660
234 14554
342 12964
164 5896
131 2454
360 9292
434 6828
667 29317
336 26611
401 32351
606 3719
619 25055
106 11711
810 5436
248 20133
457 12785
496 24489
118 27664
666 6294
377 13785
848 23236
672 16779
18 24976
938 21882
648 22281
346 9826
411 8428
223 11259
645 31187
170 9165
491 10921
959 13894
367 30817
528 29194
963 6631
174 4490
427 19031
521 16088
378 19310
346 18874
1000 27710
751 1021
306 26661
343 14347
90 12799
871 28096
617 32667
836 29050
130 10604
473 20847
81 12929
427 17732
668 3255
851 13275
537 27950
28 19308
768 17657
223 24535
218 12826
643 824
818 31917
912 3260
882 29795
398 436
586 16946
161 5352
261 587
56 12334
756 14925
646 15419
447 32696
240 6840
408 25252
873 1689
235 28851
139 20138
748 25668
190 7786
935 21481
614 18717
77 30236
71 19229
206 19757
636 30065
114 20351
322 30624
524 24564
358 15303
385 10918
318 18666
909 14808
430 8072
880 22316
945 17522
655 3350
267 28125
29 23696
957 1717
780 31503
97 31796
14 11446
566 2484
41 3786
878 30401
779 26215
142 31603
417 18289
5 16122
222 10188
81 9339
83 13008
799 23067
106 28919
1 24153
775 6105
717 28576
273 5723
339 6684
37 12579
879 22478
444 17231
664 30427
398 30566
8 14890
863 3214
774 26669
649 31744
1000 15359
586 4794
428 27824
680 21363
201 16093
482 13524
33 21635
176 4069
634 12052
782 21190
478 6091
189 19359
863 25149
970 8153
471 15666
19 17295
15 1458
295 1343
662 20579
374 454
301 7442
849 5259
80 26767
51 6138
695 4286
504 2612
910 16107
285 27140
186 19550
720 24598
53 21807
249 2147
876 27996
65 28656
167 11289
969 6840
424 359
823 9702
880 2536
717 23112
38 21746
403 17153
489 20706
342 7294
945 20915
136 12203
440 26063
857 28006
503 27940
110 24116
374 9851
738 14898
100 9989
699 15695
336 28727
390 3001
759 6104
45 14997
551 13913
480 20723
459 3940
250 21761
520 10423
525 14718
631 17203
888 16242
453 27184
344 8221
439 3348
549 4909
90 22308
215 1332
537 14746
544 4696
632 23543
980 6477
401 26266
942 31360
917 23442
860 22421
886 29105
935 26388
306 9697
684 12383
210 30395
526 17384
516 32342
263 17312
174 24157
860 20403
772 12901
817 11122
867 31869
637 11920
295 16390
631 22162
778 16069
97 3201
110 3126
812 29410
533 27427
557 20456
495 10614
302 26599
356 28236
960 23564
978 11850
127 24908
1 14900
534 25498
749 7099
605 26973
172 13463
232 19233
9 21462
946 5004
648 13684
650 7060
642 8235
493 14064
891 5516
660 1228
299 18511
975 14529
370 19688
681 28676
648 14427
638 26334
284 8528
579 8796
650 14186
765 25159
378 25813
125 28502
79 11806
226 6563
941 17480
784 31580
751 32028
120 21435
360 9664
135 3640
96 25483
355 18941
217 5912
851 30106
419 30105
878 21242
740 19566
311 30613
660 8951
56 7400
17 11942
5 21794
318 19800
18 30753
545 31205
567 23708
701 28405
466 12706
429 27670
142 3139
434 20748
284 32141
31 872
151 17594
210 21085
156 29095
286 19662
769 2952
23 15787
749 4059
782 17022
121 23962
38 12353
454 24757
30 14963
791 4543
320 4203
447 7655
969 25835
598 19243
825 5112
240 27848
269 23273
839 31733
324 22207
626 10448
583 15540
94 30617
957 279
652 15902
181 24662
211 5494
437 32349
992 5106
394 4126
914 25425
337 17265
107 1843
70 22815
52 26577
251 9529
120 29930
348 27055
253 29953
40 16157
630 21701
234 32744
364 2769
648 27018
237 25493
964 26666
446 18836
546 16496
21 24017
985 2967
258 29827
733 14788
632 18960
828 3734
446 1081
72 19454
883 21394
588 32593
57 18742
555 9371
665 13496
757 5175
311 7773
59 28316
943 12680
821 31354
152 11125
274 10502
257 8746
128 13457
601 14251
877 3424
531 3438
69 2232
338 3086
724 1592
217 21315
438 32620
711 26130
149 13726
992 26433
116 29167
439 31246
810 2983
715 6945
472 10442
191 1470
14 27884
927 31039
83 2629
104 29378
996 26888
999 12063
559 22769
621 2333
360 285
217 2021
684 543
438 12726
548 32336
494 30427
972 31846
463 18650
781 22601
350 12783
159 13858
794 184
947 11188
506 23602
24 5103
97 21476
740 16578
592 16474
766 32562
709 2005
434 8617
939 6977
92 1168
746 16231
440 16671
240 30308
713 628
160 7514
657 12515
234 4709
89 26510
740 30417
841 26677
791 24970
186 335
428 5587
146 6745
625 4667
416 23150
679 3021
296 7448
734 10632
513 10598
731 5135
405 24382
304 11681
665 20213
460 1610
646 28445
414 24667
656 25758
12 22809
637 4361
752 2482
647 23336
678 13429
853 26074
127 21057
679 10525
114 5182
745 8557
299 11724
250 2381
948 31417
717 20771
451 21943
239 18760
260 13069
58 12896
753 21388
842 10215
239 9157
119 6413
643 7033
986 17348
229 12625
731 26135
963 14031
994 6589
737 12421
276 3566
896 32389
120 4981
677 26904
67 12039
451 26035
945 9683
403 10278
605 14426
971 21527
795 32641
772 25263
388 8164
969 4243
865 18286
141 26646
588 10535
828 15277
371 27468
917 9379
590 15269
134 23053
252 32275
521 29697
329 18793
190 28419
586 9852
520 960
244 17790
452 9983
489 7559
783 17876
652 10869
864 4630
880 15606
646 29460
756 4323
483 28292
178 7632
257 7612
505 21985
844 805
727 18143
792 21484
330 20874
172 2554
73 27441
832 21031
438 7553
707 10922
727 14491
72 17876
197 27497
641 1279
797 13873
284 8129
854 27498
637 19301
937 13007
453 30363
648 17075
354 28014
248 17300
535 31095
184 4594
293 21072
271 21089
249 29260
585 3038
912 9061
459 15455
889 22646
367 7086
434 9899
58 118
214 29493
932 7070
917 10562
695 32215
684 3116
868 7025
718 31216
834 17011
475 12771
488 14058
297 29600
477 27009
368 2629
774 31826
562 6111
280 2556
27 13602
959 25334
405 14686
750 13603
615 16046
432 20902
7 13939
782 1271
662 8704
817 13622
187 17303
211 15040
866 23445
1 9985
510 17897
452 28041
460 3018
937 9057
363 15786
637 18591
977 10597
92 20536
111 16575
604 23062
496 17421
150 21354
438 1330
445 28996
534 22221
17 14689
461 31665
6 3395
90 10902
113 27527
957 31246
627 23412
729 18618
34 14032
447 30141
212 17911
211 32113
869 25134
602 20057
778 4660
604 27223
526 21786
759 10271
494 3925
572 10476
705 19986
54 22130
186 21705
607 32019
944 10517
53 22101
333 4291
886 6036
790 13864
856 22772
699 26296
389 26778
432 8149
444 24092
587 24037
106 565
431 24999
211 24254
592 24519
196 2777
784 20144
203 1904
49 18081
610 16350
3 10243
607 747
584 31738
207 2046
679 17210
485 21646
78 10012
205 5594
980 16624
150 17114
14 27541
87 6773
944 21320
561 20980
630 14266
318 1975
331 5221
656 20006
393 8991
693 25323
178 27888
9 26207
648 23841
924 10049
312 2709
518 22190
508 11101
488 14413
88 26246
485 8907
397 30773
186 25735
101 23543
265 24718
974 29010
556 30665
347 20128
608 4725
559 13853
399 24020
123 24894
427 4642
177 5700
848 21707
386 15378
497 2779
326 24635
6 12214
378 25440
861 1033
295 16313
286 10496
336 7665
267 31674
963 11319
543 17658
844 27538
614 4383
87 26484
694 17494
741 2963
349 16142
208 3060
347 9900
962 4936
25 9856
907 11132
218 15608
34 5260
665 26900
598 32152
347 19482
877 21561
278 5003
348 7701
866 16213
792 4273
415 6218
29 23431
856 27345
389 22617
807 23004
19 5572
696 24090
600 28696
178 17773
622 11367
811 18078
660 18908
315 32080
961 32078
517 25138
148 2837
537 4985
819 29469
957 398
466 9017
182 21507
423 9145
145 6860
628 29246
110 8108
12 32461
552 27629
602 32547
14 22100
814 3144
574 11604
225 15975
946 20866
35 15069
387 21577
203 26768
286 28383
335 16002
532 25975
284 24742
390 10937
632 32498
193 22383
846 10933
126 19073
611 5675
813 1315
871 29262
339 5965
717 24304
193 12395
878 8455
184 10327
18 4936
137 5252
633 1271
946 15740
234 31485
438 2188
42 1851
27 10685
479 10782
250 12807
437 29299
107 19906
25 20349
968 18269
276 18757
402 8786
394 4914
785 25177
83 11481
864 21213
386 1302
303 25260
572 21340
862 26610
131 6985
518 24680
780 3710
498 457
470 16557
382 11910
613 25075
95 8890
733 29545
611 28000
938 10742
626 2500
311 29543
581 11575
558 20929
862 7431
168 213
24 8366
261 6678
529 25674
990 10920
117 24397
912 28601
412 4982
196 11540
63 14336
310 20979
711 9497
354 24597
375 5013
390 18705
491 1252
772 13802
257 26433
438 27875
70 18989
567 18837
700 14108
935 31550
363 622
295 32092
366 10400
278 32379
455 3012
211 10571
102 9518
892 1013
910 32625
15 22959
944 3210
911 25231
227 11354
842 7580
204 30554
872 4395
187 8586
894 25961
359 2474
427 3380
659 18605
930 28975
488 21867
466 20757
133 4246
859 20301
197 19695
250 23231
264 10169
574 27367
244 17774
724 16935
285 18098
744 10850
122 2437
541 24518
586 2748
215 7657
807 31666
175 792
947 24635
846 15852
136 18649
757 14621
604 32051
109 14747
516 10946
691 8923
752 27598
486 21871
816 15001
980 23514
357 9434
353 22946
643 21356
354 28839
757 14920
409 4274
962 1201
10 25937
903 4526
213 21987
725 5309
13 19439
76 11974
576 13242
143 4942
1000 27416
322 3565
522 4738
122 31746
612 29801
901 3749
564 30410
650 26845
15 19203
441 28179
472 20453
653 21703
361 23050
441 20866
126 22120
890 28172
664 31527
995 24798
248 31408
686 30938
757 27911
178 28986
751 25434
256 16839
357 23002
195 16203
588 31689
167 8264
448 28116
264 14826
832 4772
382 2363
5 32176
584 23702
180 2133
319 12638
101 15656
548 6639
226 3467
613 16341
51 1406
604 22077
921 29112
904 4264
954 11255
48 29159
46 404
493 1859
559 26714
455 25596
854 30104
83 28917
691 19317
900 25773
132 28804
400 30577
851 17816
732 10192
417 3546
50 9040
295 15640
297 10079
471 96
638 28300
830 13518
674 32247
389 16546
820 26374
848 661
49 20826
735 19310
305 24834
547 5584
876 19694
139 28758
636 14758
159 19938
676 11324
932 12337
81 10622
594 24755
233 21873
794 11162
450 9979
861 20785
507 992
649 8560
864 22768
900 30157
954 638
270 32084
934 6419
202 3834
776 30308
837 30255
863 1666
362 28082
282 14673
430 15529
435 10299
752 10737
947 17445
378 14771
390 8098
638 26936
889 10599
883 23806
601 27392
351 13579
581 8129
250 31617
799 14334
848 24947
671 7295
311 15863
17 17966
49 892
968 32275
548 8030
507 22914
529 30648
454 18067
634 31610
532 15571
199 30907
844 26169
354 11600
321 21596
338 17821
943 5602
37 15787
51 16444
786 22651
866 16785
366 8602
381 3831
540 11510
659 745
66 2288
703 32758
450 5810
404 11190
919 15555
638 22018
17 10200
267 24676
562 3566
402 14797
193 10133
866 17030
927 21391
262 11369
913 6297
671 11089
845 31113
403 2511
936 20377
333 30239
367 7939
733 7002
645 6606
810 23276
724 17639
476 14921
311 29555
119 22748
448 3172
173 576
854 20042
587 12467
985 1388
695 5064
297 26648
864 28508
939 3383
438 26314
413 12580
132 2147
253 15551
532 11544
845 17085
937 122
265 26434
218 17637
844 26033
198 10231
623 10435
491 15175
908 10454
924 25940
67 1160
130 24252
787 1925
721 4015
459 5021
367 24994
72 8218
96 22856
66 17232
814 3262
563 31349
688 18950
15 9139
712 438
882 24188
369 18929
463 17950
728 3479
965 14999
994 15289
775 11178
559 2896
939 6706
765 10030
426 17335
616 22068
962 11327
473 29638
537 31334
125 19580
531 22961
215 13082
262 22304
464 25027
652 27650
62 31593
520 11021
531 16776
428 17326
343 21012
507 20382
665 432
731 7862
362 9760
453 29956
506 25857
743 28446
407 23223
721 182
115 11688
520 16751
965 25000
136 31727
947 32691
261 13110
87 26082
891 4654
775 21400
60 31107
90 1532
842 8116
479 30893
838 30571
352 7857
448 20490
768 10158
744 25734
904 9564
877 19576
856 9530
892 881
252 4736
211 31374
540 29781
110 26701
857 23619
441 19103
213 6376
871 20287
851 238
403 5697
591 27197
238 750
542 8558
424 3791
545 30083
514 21256
486 11222
755 15336
400 28752
545 6845
256 5595
338 2541
419 15130
940 22338
166 10071
666 26758
992 29629
184 20048
167 21703
809 31005
150 6136
54 17570
365 10701
698 19809
569 14320
300 17531
574 17326
509 13765
354 14507
339 29725
955 23508
973 8191
764 9878
967 31827
68 25165
184 1417
584 6144
714 32488
930 10315
266 27171
577 8092
977 7470
795 6819
514 27215
353 20227
869 3704
338 3150
875 22996
938 18736
475 18080
156 4330
516 29244
70 25858
660 11394
612 26425
641 4438
31 24510
518 24702
296 29601
568 1973
296 8074
602 4858
361 19115
581 30510
394 1523
636 27358
39 19333
735 16734
912 21096
565 31767
771 19072
288 1569
780 5309
764 19989
916 19346
473 12828
375 12201
41 29260
698 19669
651 7477
789 27464
273 10934
22 8454
815 14614
422 6041
69 8271
232 23046
327 20397
823 16129
595 10648
887 17245
147 20910
327 26822
499 8470
789 27826
765 13584
90 27541
555 19408
568 17492
621 25484
761 20477
852 20436
978 16821
766 14626
864 17138
163 15026
673 8170
399 4755
431 6219
721 6143
928 10284
954 27624
578 23875
315 6099
69 3161
137 3817
864 31484
794 17739
921 20852
196 20903
224 26872
51 19721
131 18977
388 25843
279 28574
489 21423
645 8490
372 13028
843 31419
422 23656
381 29692
698 19797
980 31742
278 16223
134 32042
98 27748
997 23931
117 12357
812 20202
164 31989
312 1065
787 21711
92 7571
593 16173
23 25188
719 27446
985 6693
530 29943
668 6763
425 182
688 23745
537 8322
130 12515
183 14351
429 24365
589 21185
977 20306
641 8199
419 1873
706 2538
29 5797
317 6630
592 16828
207 8184
800 427
859 20472
743 11296
999 18729
804 22424
882 15375
389 20434
952 8832
498 11907
273 15870
636 27723
527 20548
390 32232
527 16927
75 20906
194 11391
24 16678
708 30670
691 19247
20 1408
53 10754
510 6124
260 6593
893 27738
252 25379
181 15197
982 32361
384 4963
409 25236
166 16778
697 21717
771 15541
69 19525
300 18144
853 15830
562 14512
220 25737
402 11086
842 23010
636 29814
317 4762
827 10443
858 5011
332 6254
398 29457
322 31182
490 31270
409 14018
974 31342
2 4053
476 11261
935 2528
425 10134
864 23007
560 20765
828 17149
624 17999
180 6897
590 9649
940 26765
54 16838
51 20628
806 5253
398 17613
787 1802
152 10581
969 24972
36 25657
869 30607
702 2884
533 25691
167 9238
178 27564
711 10870
437 21163
200 20714
80 17693
145 12164
766 6875
912 21758
405 4482
820 28170
435 20075
185 30435
759 15582
461 11048
577 7298
539 10218
997 21528
862 29700
116 23657
224 25258
260 22397
667 1093
649 10254
712 6526
35 7484
583 15513
674 1667
286 13573
919 17385
421 10545
669 9852
649 8865
944 13563
343 6208
973 10452
476 29432
386 14158
115 16512
127 31496
214 2165
893 4514
752 30637
878 16826
595 21960
950 15642
901 30983
944 21295
321 11362
124 10174
299 15316
583 16850
772 6906
867 1785
559 23004
337 30383
186 23563
44 14875
145 1516
936 23545
23 21587
995 15576
887 4691
538 6021
267 8533
23 10695
450 1896
146 21836
583 14296
350 19684
736 18946
574 8685
284 4710
327 17934
312 20990
431 21801
68 28623
510 15242
401 28861
444 3173
318 8611
140 7295
716 10147
327 13611
734 27323
868 29560
189 3737
598 10153
979 28081
662 18661
774 19084
107 20784
112 11107
32 5530
972 5100
885 28342
659 4468
512 17742
984 19758
485 22357
633 6347
923 18717
896 10570
794 22219
400 29714
514 14855
323 25150
405 6136
659 20024
103 2927
96 32649
477 8034
826 6383
29 19869
416 11440
140 21940
344 27439
637 60
871 8125
544 8762
563 28593
890 29916
255 4027
156 5479
799 25461
118 16753
5 15163
533 9040
243 9277
354 17106
674 32466
973 28207
50 20240
138 12091
331 31641
859 8416
532 28343
110 14540
66 19884
192 22887
507 14915
10 16392
667 21163
523 9064
222 25477
463 5719
623 60
127 685
521 30101
168 20612
300 19079
672 3492
563 17228
806 10559
291 6840
434 6111
414 26058
493 29596
857 21889
154 27794
890 19184
877 7570
167 29077
906 6424
411 21479
945 17021
698 7726
153 18286
727 919
155 19869
899 31112
569 10422
201 15665
126 11413
248 22372
519 28598
801 4774
427 4589
177 6022
543 23383
497 9005
69 18320
788 3127
93 20774
985 2497
644 4430
666 28867
141 2006
204 23457
478 8027
320 28668
876 16828
321 14030
257 4302
263 15030
964 5970
675 24720
914 1572
732 11849
749 20917
649 29681
74 17338
800 2834
694 21798
879 8257
963 25686
289 15090
944 7052
707 30609
823 7071
535 10190
260 16113
193 19768
866 2208
264 8717
535 5121
687 9296
19 6218
549 22301
397 21646
33 11834
775 30703
338 22510
371 23055
103 22806
590 6087
842 12149
212 26652
418 28236
924 15726
321 2346
565 1779
883 16646
137 9828
128 26507
113 28150
596 27827
186 14988
157 27287
966 32299
236 9094
638 20142
768 9812
534 19643
839 3316
401 30453
343 2377
879 15731
676 13370
396 26994
258 21253
403 11590
614 1749
242 28823
168 6806
232 11465
724 25352
53 28092
169 25874
865 19126
832 13914
848 27549
969 19474
907 28266
860 11285
538 16602
396 13362
986 16998
24 27591
73 17014
300 5010
834 11986
533 26565
5 1625
100 18520
5 25589
357 15267
665 13774
417 32556
315 29886
345 6846
389 28678
731 10683
510 319
578 20146
583 15507
217 1332
898 28972
752 17892
973 3565
890 12494
451 15968
262 12794
564 21488
565 21568
695 20313
396 13917
549 7772
194 22087
319 25015
683 9918
754 20308
87 8996
714 1217
357 21902
213 24032
604 795
394 9184
979 29317
34 10347
334 245
261 8481
396 31004
464 22342
752 24703
686 32695
637 12050
116 20259
45 9481
730 7799
675 13035
62 13210
40 10216
187 603
131 6764
642 31144
612 16116
463 12544
155 8481
592 2602
36 29450
42 6952
782 26327
509 29799
500 18060
88 5944
156 15906
631 12420
502 3036
108 27578
623 2776
501 29197
23 19429
909 27101
991 12436
236 2674
487 15506
283 6128
655 4404
83 23431
60 18260
398 27627
830 7004
113 23044
496 8096
135 5606
783 26865
33 8195
462 26990
133 23199
953 28062
709 3973
513 28604
698 32249
840 13650
768 1261
373 27402
123 15736
154 12992
10 6531
100 22491
636 23238
523 7646
440 30195
563 23866
137 13872
369 25191
170 13515
258 17202
270 31017
113 7769
803 21760
287 31061
496 20678
936 12407
604 15466
59 11574
209 14401
410 22216
770 19011
156 28911
776 21367
991 23830
555 31148
138 29084
679 22890
297 23408
509 5160
922 15838
836 3775
800 1192
487 29727
389 7257
848 20545
830 1238
845 22365
882 29238
675 11612
387 28627
881 16784
1000 14753
998 4771
874 16319
749 28365
901 2124
231 1098
561 25468
329 22028
842 9707
240 26797
589 23857
35 15271
813 12982
313 25287
316 28872
938 21471
501 24042
762 15548
674 25199
931 30039
281 11336
625 25167
621 17691
580 23447
674 20117
2 27500
312 22784
324 31115
60 2072
634 13984
819 31258
832 23553
497 9503
667 5020
650 7848
7 7215
158 378
427 32183
962 26028
1000 25130
876 7934
677 26216
279 13676
166 30575
936 19459
278 4047
360 27124
747 26975
348 23015
105 30509
641 5009
10 15291
132 25481
972 20328
225 17751
659 11052
177 9166
969 2952
354 29597
867 32701
26 23584
510 31037
755 25212
642 28511
686 19178
629 27478
73 9299
283 4196
3 12830
293 29771
937 10310
943 23557
810 28079
815 12468
56 22714
810 16604
648 6679
593 8656
940 18906
557 17770
574 19153
254 6143
256 30741
178 14994
610 20704
812 11592
444 5790
11 32284
740 4423
773 20436
722 28139
620 19764
626 27535
415 23665
970 18999
540 9961
349 12356
621 18704
855 31232
664 16046
458 10104
419 24392
976 23690
104 32475
674 10046
102 1745
344 90
768 6957
218 14896
561 8201
255 20923
488 13122
619 21994
601 28274
190 22844
948 1310
395 8589
394 4913
655 2608
237 12201
819 19517
751 6033
34 8492
806 1327
23 29603
310 1918
321 4749
608 28127
192 6764
226 7179
629 2288
854 23116
701 11976
479 30189
183 29624
274 17902
350 8428
602 26621
256 9612
758 18850
536 2448
871 20922
585 726
884 15910
148 24689
456 2500
964 16453
983 28318
392 17105
348 22626
384 12619
623 23315
484 18930
694 509
594 9888
33 2798
294 29086
842 24995
47 23741
845 28545
767 3746
412 4998
106 31330
478 22142
987 21839
833 12154
740 7953
701 27774
869 28664
995 4986
983 400
814 20347
569 9590
289 15907
130 7787
866 12631
600 4007
445 14647
785 30319
795 2643
280 25066
460 5147
546 23857
771 23448
193 16293
706 28250
248 22405
62 434
136 8896
971 4641
307 2567
99 5903
472 21031
531 7872
383 14230
703 26245
261 26699
919 17199
753 20435
410 28105
879 27042
114 2183
333 3495
351 28665
741 27427
273 11396
707 9658
8 6163
639 18635
111 3082
173 1277
281 11132
427 27674
361 7581
666 7969
736 19578
553 8854
275 31719
534 19741
267 19641
862 1095
810 54
808 15276
602 4042
629 27194
552 27900
474 27084
153 32159
545 29950
331 10317
709 14144
879 1297
877 9002
638 1636
266 784
706 11867
20 30677
590 9246
746 23044
200 15772
473 12572
382 20861
32 13612
719 25944
817 3744
68 3111
657 18523
351 2296
252 10246
810 2533
835 24743
874 3909
935 21365
854 21284
707 21227
435 17649
405 7195
58 28023
709 31301
764 20239
481 18600
508 5651
176 18072
670 11669
46 29137
631 3153
359 23307
293 19937
63 10446
696 27696
297 15496
250 11569
463 11741
267 6353
954 4158
775 2858
282 14013
980 14073
280 27167
670 11346
130 17715
797 14226
151 11107
259 11414
132 3465
446 29226
710 28932
365 25028
120 27914
785 20339
335 4671
625 19986
396 28807
42 961
874 12057
726 8854
114 27350
773 22927
571 20184
914 20939
373 6989
360 3066
560 3718
812 12819
120 25675
924 12613
308 24434
960 12335
39 4528
112 13651
446 21934
295 4552
876 12127
879 25648
635 1682
180 18410
683 28611
853 1161
744 30519
704 20868
943 8776
85 558
448 6909
975 11753
163 14813
374 10391
140 25093
376 24402
265 25465
129 27997
710 22456
520 32090
302 11411
37 19133
581 20798
928 22400
804 14760
131 10777
917 11272
171 10153
455 3256
867 24182
452 7239
513 21659
865 23498
773 12030
53 2930
479 17539
902 30564
416 29055
745 1732
452 16240
424 16659
391 13547
529 15804
366 25045
108 12777
95 31702
461 4251
563 7947
763 28922
914 1787
504 12010
144 21453
891 31198
727 12216
562 17905
21 26810
259 21299
584 21133
453 16192
687 1239
514 21784
490 18849
672 3882
693 20490
17 32690
120 30524
791 4933
915 17824
716 25002
865 24654
641 236
458 5832
733 3757
590 22247
441 25533
38 7445
105 9708
645 13501
405 11292
847 23808
721 26778
656 9642
994 19886
736 6244
258 24688
654 555
782 28126
131 28928
78 5676
521 14817
436 8795
404 6905
281 22541
383 19988
636 16280
585 8021
940 4185
945 23595
849 14155
864 11905
438 11223
79 14389
905 1774
953 716
189 4182
882 5988
432 13889
311 21225
713 8996
384 19084
693 26054
708 21617
706 24472
572 2216
907 27972
98 20063
909 32136
587 18774
977 2629
915 15251
4 10195
872 12118
307 7832
834 32079
507 17113
561 783
23 32463
327 7613
323 17150
583 15626
377 20674
551 8806
530 4907
786 8309
392 31242
785 28348
961 2892
619 26017
830 7815
890 13970
573 30419
984 29828
428 11995
170 159
599 11060
956 12087
51 1773
645 14591
964 11879
213 19577
660 7270
412 21425
933 28009
412 16939
353 15671
177 32538
792 699
424 16338
594 24081
206 26240
773 3297
827 14617
377 30956
350 1168
306 5348
331 76
878 31617
187 1497
832 1233
2 28894
884 17872
398 15183
243 11832
38 10723
330 14490
714 7369
894 24750
258 22679
386 21480
946 23427
925 4171
68 4821
30 25986
46 1180
73 3117
301 16800
246 18297
642 13209
584 17651
220 7070
259 11934
822 21728
978 9026
779 12184
1000 2312
23 30782
693 28228
976 32508
219 27794
5 13154
274 16932
150 10331
689 5466
772 5216
133 5779
753 8683
967 29764
667 9263
777 21831
541 1030
489 19829
183 31019
450 118
72 25513
671 26328
857 22931
553 26975
83 15606
43 18076
428 28172
251 30401
118 28082
548 436
696 1052
779 31586
697 16328
14 6742
410 24752
539 7306
67 964
192 28285
473 8855
535 18565
31 15193
493 13927
98 13573
266 15653
954 21467
59 4887
205 21009
743 7741
254 28870
319 11476
926 5431
274 7207
298 17973
479 25000
502 7639
348 10815
383 876
878 994
47 16819
778 17766
365 19791
372 10389
963 20341
630 19072
452 18664
36 1559
269 24871
5 23798
331 13796
116 25218
438 16057
87 23861
229 6423
392 4662
850 20607
819 28461
847 30452
711 1621
889 8624
440 4307
691 7702
684 27462
822 29416
285 16543
896 442
39 22323
787 23718
354 13326
280 9282
577 2186
395 463
996 7713
361 4531
492 13440
143 21034
373 1500
300 27192
600 25993
978 23778
170 11465
649 31901
535 27106
133 13063
715 1395
713 28885
866 20999
347 23052
814 14827
26 629
642 32573
198 20042
901 16966
534 19254
776 16906
208 5501
987 2844
173 7542
781 2231
370 24898
779 11275
398 28344
43 7637
985 16799
122 11826
122 21024
818 30389
604 26490
463 25271
114 760
324 4590
760 30497
498 18754
748 32558
305 26075
172 27329
354 1663
602 12755
780 24347
829 1262
429 27295
162 11677
188 28431
691 21282
5 2007
383 30566
708 10848
499 16438
501 22752
814 24747
523 30582
291 14058
752 30582
282 29198
333 19714
480 21603
522 25306
49 26069
112 116
867 10920
973 22096
149 12905
744 9350
759 4900
765 12193
740 9431
435 30639
253 4391
788 26009
328 2898
613 25265
617 17509
687 3722
615 28591
302 1804
315 27509
552 30407
148 25063
903 23944
494 30291
330 18218
588 21145
929 25775
204 10463
248 15248
323 32133
118 24400
160 19803
182 26967
389 25618
821 8958
299 30449
125 5607
45 22473
474 30351
200 21547
204 7462
353 5336
12 158
759 4473
954 26626
11 27793
230 17929
414 19375
997 29419
826 32744
854 14451
627 4740
654 25685
895 2552
937 21699
148 31509
130 13115
952 14974
813 20899
919 16991
163 23959
833 8284
918 24066
922 32712
165 12011
542 9240
937 28562
188 26519
761 5820
522 4699
52 8523
458 7543
358 3857
699 13938
580 8678
155 5880
403 4856
620 1232
341 12899
308 3598
918 9474
617 21898
30 13444
109 912
344 26050
839 11993
770 18767
