999999999999999997
9998
18581 111
4276 94
18593 481
18911 548
14013 767
18011 23
7631 458
1908 479
8615 451
10366 341
23111 82
13508 887
31105 577
6593 244
28360 319
2451 573
32064 675
25004 96
30743 591
27083 189
6424 376
32554 703
9597 215
32761 144
21765 114
2828 707
12103 693
26577 915
21318 985
10884 641
23877 715
26790 20
24285 923
4523 522
7500 923
16371 930
2576 734
5627 457
10677 510
31701 85
23787 862
20693 308
16347 444
25998 803
5051 70
20988 795
26272 136
31747 663
28052 502
25112 415
17641 548
32319 989
2765 129
21813 434
2078 434
1518 714
23423 391
27970 975
23211 928
12771 624
7689 823
19602 581
27265 850
24722 518
28047 758
30813 985
32661 577
31383 805
24694 436
27456 647
8800 421
19757 358
14057 986
14265 996
21086 369
29880 76
6487 402
15020 339
19599 754
22332 716
26355 910
24033 194
25081 652
12003 226
5171 108
27268 457
24100 433
9338 653
6482 507
27555 309
32156 933
31221 561
28878 964
8372 569
29811 981
17639 497
9707 871
12 474
1213 156
14603 804
29486 292
18793 99
9490 69
702 741
28898 811
10345 427
14095 9
12674 480
21398 834
26384 124
19925 297
12924 913
15004 432
12358 602
1160 900
23287 602
3724 12
25175 157
25809 268
735 175
28608 329
29041 210
23901 334
12103 157
13526 736
23082 728
18523 301
19684 15
31025 971
9207 226
514 726
31375 93
15224 880
29622 679
3850 496
25543 323
3093 81
11813 984
21294 167
11052 919
19383 571
10856 451
22448 330
25861 783
31184 144
29831 752
8660 420
8636 567
4888 787
8174 871
6500 452
2140 957
8 74
10732 528
32555 108
282 604
4960 930
27700 532
29562 956
28617 484
6306 606
8031 937
3238 700
32356 306
29332 318
28007 594
32136 579
30600 956
18882 193
5165 92
19451 993
12535 758
19193 579
6133 562
5986 980
1559 208
30158 882
1509 107
28447 510
25200 819
31509 834
18057 575
14621 741
23602 612
11114 610
82 572
10311 286
24237 738
30124 981
2578 999
17167 841
25814 853
30076 787
28034 243
31208 140
17353 312
4547 783
31165 300
19916 249
1346 25
11049 483
26050 431
1719 989
21026 308
23199 769
757 353
31274 913
27888 18
16342 419
32670 486
25001 408
15445 811
24517 800
14697 11
16701 241
26015 708
4903 151
8165 489
24050 436
30528 344
1274 271
9989 602
17498 801
9036 827
16641 464
18850 737
24329 764
2558 38
21060 798
7159 9
7447 792
5171 979
29067 345
28195 727
10401 605
24045 531
17382 697
32426 774
11592 447
12498 800
10536 186
15604 354
11952 298
3755 942
6759 981
7117 460
28418 9
19429 565
6270 270
29668 887
25963 292
14867 964
10891 538
30284 764
17563 328
25194 166
27761 243
12030 757
4423 632
20548 58
11607 833
5973 882
18600 840
27549 308
7719 119
14480 59
5881 343
25497 141
4112 275
24147 119
7676 957
10492 377
17156 365
22823 526
19318 422
30896 258
17467 427
20725 659
16302 856
30275 452
23727 778
10127 912
17394 127
22119 380
3997 271
27432 553
20755 674
6512 879
10506 78
22742 595
9700 158
21977 300
23612 414
28439 124
28095 976
4800 758
29245 603
4169 158
30463 655
12901 101
2140 469
13617 938
31111 458
27822 635
24235 384
12149 468
27962 369
22950 162
13954 436
31778 886
28801 236
3066 690
16634 945
9767 874
16072 568
15227 136
7539 503
14551 798
14081 627
32671 17
26638 273
17003 893
29215 410
6655 933
22580 717
26238 899
27036 128
20698 824
28429 433
143 996
11764 40
22929 722
13834 483
22146 822
11560 324
21289 102
3420 20
23328 293
2364 677
20684 105
2682 357
146 881
32441 262
29768 843
26271 583
6890 922
23340 289
6287 312
32074 318
21147 159
933 736
3125 888
23228 486
9980 639
2873 97
23541 286
23165 858
200 712
22912 586
11565 542
21976 300
21665 405
24855 654
10333 366
25178 283
21896 721
26143 576
29612 665
8279 108
14183 169
21693 233
15715 487
6501 891
391 625
10136 986
22127 529
11999 669
28954 661
24158 920
23779 152
6243 452
27571 170
1087 194
30324 544
29269 616
457 775
18032 285
6908 531
23642 417
312 721
6826 576
28408 114
10205 652
6079 660
30120 998
11786 348
5773 76
1410 936
4525 880
9591 147
10461 722
24458 210
17659 982
16041 354
31875 980
25153 154
26717 514
6574 423
15097 310
21495 239
19870 134
14264 739
6143 396
30559 196
17936 850
13723 397
24599 21
3602 588
14598 388
5715 296
5896 812
27403 138
19034 786
7547 282
9820 178
5417 594
4328 816
14806 924
7138 828
31153 303
23824 960
32714 434
30764 396
11977 883
3896 808
13280 810
3346 325
17918 751
32328 10
25926 738
27693 780
11967 969
28205 860
6221 611
25949 478
10464 362
5718 596
235 100
5444 605
18200 422
14394 471
19770 454
969 622
386 826
17872 446
32759 838
21141 219
22560 477
6165 316
23299 512
31641 743
1364 831
13706 781
23014 54
8070 505
16485 703
10419 249
15431 902
25684 277
4096 853
26266 880
8309 442
25532 592
11444 994
17738 472
11746 555
10686 190
29556 736
596 876
20387 360
17179 725
26649 568
22860 245
32497 228
23515 262
18398 886
10829 137
7594 224
28105 167
11235 443
12401 950
24785 74
32499 84
15274 759
18522 770
19209 894
28715 882
28573 732
18093 196
14110 27
23432 130
25478 740
24209 580
29309 860
741 612
14613 922
6197 600
26551 110
20064 566
2654 740
22343 287
22786 233
23261 280
27736 665
29053 776
10936 598
6273 314
350 583
21776 496
15830 535
31031 768
7090 871
16187 214
23166 218
12078 764
28662 984
705 891
10870 776
31577 3
22449 190
24165 888
17318 643
3054 938
9168 448
25455 517
17053 552
27368 762
32546 603
27694 217
29965 62
31877 390
24795 849
8816 975
5195 726
3528 226
3858 1003
5644 476
4048 382
29432 598
12611 725
25433 803
26554 915
13855 7
29389 486
27060 266
5964 12
21900 39
13685 155
4606 868
3946 289
4690 302
21474 140
9499 913
16670 443
20167 289
29727 962
12916 149
14358 140
32005 203
27164 943
1653 952
17699 249
7532 698
10796 782
12560 835
14523 189
19742 572
19336 220
7225 710
11640 561
25730 587
6859 468
12904 288
25239 157
9666 632
15477 262
5403 201
9850 363
31564 528
24425 467
25425 368
20774 260
18005 256
32622 803
4111 511
20166 882
15697 240
14257 313
18654 586
14886 297
23165 156
9537 493
27723 477
1849 158
23125 979
22930 11
4198 7
15764 36
18974 567
23803 611
6468 593
17136 656
9821 100
16696 24
24446 940
13740 708
2398 331
17385 35
26287 875
22344 337
27055 785
273 568
9210 116
1771 572
26786 997
13719 533
21633 870
19422 654
12494 490
4552 189
25583 583
28687 236
25742 187
7123 456
25327 124
10895 926
7297 264
8780 558
3507 693
23061 622
30216 219
16042 514
25198 487
20345 943
12748 17
26569 554
18394 985
10297 954
25141 148
5225 780
17331 789
14583 246
10739 722
28077 55
16697 76
2040 756
2681 598
4508 257
26546 227
22439 511
17022 983
26019 924
230 247
16656 629
15482 516
30994 86
28578 464
24166 739
3375 641
30618 596
13877 435
1406 950
541 78
11222 222
3318 809
4689 646
16396 158
4543 265
2236 410
16766 445
29062 177
31029 220
20836 689
6853 51
1370 898
14461 175
26703 974
27534 991
32027 596
28350 331
32481 175
20832 555
19359 716
22147 903
23811 38
21610 392
17281 305
10300 886
22434 228
4605 437
5535 248
3261 846
22318 429
30479 75
24476 856
8125 672
28188 917
2746 42
19039 700
600 615
32612 446
18619 871
14482 56
32142 141
29956 783
3060 63
1316 628
13506 822
1659 175
2283 510
20935 363
26684 979
3918 251
22601 131
25971 742
18343 52
30087 65
4443 794
6881 474
21651 104
8241 690
29844 807
24337 768
21748 76
32221 819
9737 5
16325 802
21921 855
6944 931
30707 656
2563 758
15574 517
18707 375
17713 77
30871 178
27827 163
21458 221
23492 648
29327 471
30139 644
18685 2
30545 791
22973 435
22869 662
20026 341
19362 748
26937 355
23631 765
1969 83
7973 154
9180 187
26966 652
3726 176
30059 683
21190 635
895 714
30594 500
18859 798
5080 221
18625 114
26947 508
22845 56
30779 914
1144 425
17160 129
32287 158
13015 287
20964 773
21262 101
6515 114
22237 336
20136 537
7445 826
3583 770
9790 591
23884 795
12516 389
19116 44
28721 203
30651 72
4289 497
25863 743
32689 365
4549 78
10233 665
17347 257
6652 640
2974 527
20830 318
22837 156
3350 367
13405 336
28100 471
28119 878
20036 285
23679 851
2691 697
31429 557
10385 74
30817 289
6136 577
5187 128
31565 488
21193 450
12292 364
25653 924
2184 960
20318 542
27788 580
13478 830
21403 690
15659 959
19959 470
2626 174
4000 170
14625 884
12723 482
20187 965
7669 814
8338 236
22704 470
3047 440
7358 951
5046 566
32227 477
13569 285
1376 47
2089 354
31940 304
612 768
23302 582
27499 798
2001 852
23411 1001
26911 834
21855 276
28425 589
20788 486
4573 616
19149 723
30322 856
10448 147
11448 461
4064 458
15507 107
30228 722
29930 226
2728 322
12539 901
17907 991
2033 945
13721 17
6840 799
22786 353
29712 815
8715 388
12000 941
28155 614
22221 22
2744 745
14092 534
7227 831
2932 201
30273 319
18392 672
15939 391
27027 934
27049 667
1892 218
27707 338
4989 393
10968 802
982 402
1642 399
21703 813
4889 554
6614 466
20415 1000
4302 292
29084 299
27409 248
6220 175
16686 469
32245 592
25782 499
30661 549
1100 375
23196 148
22012 630
6149 327
15310 87
10091 881
5786 723
3978 539
15133 273
9251 938
15693 243
19444 317
1514 101
25319 516
26198 925
3210 608
7846 70
2751 891
2553 459
27829 334
25864 92
10774 580
25343 354
32386 276
1164 693
6461 665
25909 204
29988 304
29422 69
27878 26
17387 714
24432 139
32435 181
30889 135
2166 553
29280 760
28064 361
24962 270
14510 750
25489 742
11072 191
16465 377
3440 314
21445 33
1891 195
21593 68
14621 426
18785 879
1178 480
17858 158
15898 617
15087 54
14012 301
30744 624
21838 529
10654 577
12644 591
27849 25
25767 394
19389 215
1648 886
13738 448
1430 42
18244 73
21636 537
30579 287
7054 478
31819 782
25989 16
31806 72
31368 248
24464 829
23838 997
22028 317
7554 88
25846 963
30526 828
4416 625
27899 694
31232 682
22168 697
30498 720
5497 412
4186 908
25378 489
24669 616
28164 98
14417 763
14486 502
6018 529
28328 792
19286 96
9461 1002
19331 627
14071 630
9855 465
14079 397
4665 299
9348 820
29958 618
23739 282
31454 499
31081 503
2760 945
4598 81
12435 889
4802 15
20167 657
7868 259
11483 429
12080 148
13736 899
26080 553
31262 741
17751 735
19510 695
17274 248
1575 239
27232 819
20957 154
31587 997
1191 783
18551 726
25392 85
14267 449
25008 280
9550 371
13411 967
5988 66
17467 108
30873 235
23506 842
19589 928
8354 708
4752 743
11384 884
19207 789
23334 63
21104 600
8312 535
1819 699
31338 79
27898 760
21400 358
17330 829
27126 633
17138 524
3521 465
28932 334
19638 233
18338 202
23937 21
6922 289
24440 637
30549 469
17033 669
26628 721
27505 888
24028 707
26671 579
9972 202
18617 4
11532 845
28653 82
28192 475
28874 910
25405 657
19424 386
18836 209
8453 571
461 992
10570 857
31133 108
3374 821
21403 247
27409 944
16719 950
8683 267
17292 671
13373 619
17664 637
22344 581
17162 900
638 685
30923 248
4918 697
16512 756
22691 982
7951 849
7175 162
11743 237
31012 65
22253 706
6899 629
5917 711
12441 511
15054 99
11927 559
18608 67
12353 247
3802 985
3441 193
1559 287
30844 634
32641 401
14437 953
20562 281
21329 481
28662 98
15675 758
15461 8
24297 906
22703 614
2335 912
23000 124
10258 708
13799 388
19231 111
10554 153
21693 213
1564 918
26289 584
8858 808
24193 430
22674 230
30250 973
19468 546
23829 756
27597 624
23880 869
24618 668
24794 912
23579 910
27561 255
1168 45
23887 530
25096 132
3921 17
4191 882
9114 260
8423 1003
5928 866
25275 831
27910 426
1360 154
1402 314
18765 933
30079 412
13213 982
29301 488
30402 994
9752 203
1644 67
32431 570
2378 206
20357 730
7456 84
21917 677
8474 414
29858 687
31328 221
16413 997
1770 385
9451 874
12950 622
18157 835
25207 662
26369 857
10864 919
25905 315
258 419
13099 406
25955 844
19185 109
11216 674
32210 527
25635 14
12185 421
3752 429
20996 66
4909 839
13432 378
11864 952
31730 736
18750 980
22337 491
28464 387
17267 265
21976 221
29837 30
11142 731
13951 232
8132 715
23126 856
23088 803
948 875
21387 218
27261 661
17677 991
25812 980
8699 18
19782 91
20348 915
6468 801
3753 752
13271 958
19683 128
28815 310
20073 786
10941 918
26409 74
25825 289
13783 231
31846 985
5437 952
17805 648
14290 793
9128 170
8589 140
29064 502
29691 244
20024 975
16528 858
8684 968
21819 276
28468 198
14140 853
17525 710
16442 37
24986 110
4496 533
26119 506
20969 641
6862 944
26892 738
11558 975
11769 505
27929 222
15156 733
25724 525
23905 520
23076 838
20497 978
5463 347
15580 677
30081 860
12464 372
12840 428
31592 187
22306 383
11680 11
20742 36
10440 810
7648 198
30072 912
30249 114
21507 432
502 238
15183 520
28271 118
14820 473
30595 211
27970 740
14810 99
888 46
24843 818
31474 206
1552 811
5267 531
20983 967
11268 76
14553 274
27211 215
24848 163
1695 190
2725 860
2426 335
2824 908
17905 842
12548 914
32065 6
9457 143
24746 496
6444 631
25984 519
24260 645
8063 253
12918 952
5471 356
21980 835
17320 333
18657 301
16840 864
14200 744
15714 113
28558 72
16362 850
29500 610
29295 694
31554 840
21431 311
32177 410
5265 698
3303 905
3687 221
8896 933
2067 525
11275 797
15603 833
26683 681
23104 333
29023 592
26267 635
85 630
18409 139
16698 288
23393 327
19492 303
21475 598
5652 1000
21132 167
28198 494
28039 980
23307 999
6438 305
27833 31
10033 103
22113 491
20606 607
25762 970
31937 217
9212 240
15526 975
19335 17
10781 483
16357 514
8949 835
17013 125
4525 439
8393 73
14471 330
30811 680
13021 473
25211 600
8376 101
7308 560
12447 136
112 66
31661 242
24897 410
26599 709
8258 535
1228 743
3605 80
5677 689
27694 301
16702 840
8839 155
4078 916
32149 262
15988 933
2172 88
1834 447
22399 247
24735 2
22202 202
25063 673
28947 559
16694 699
9070 75
8366 339
20512 662
7540 47
26278 862
21769 237
13208 124
21720 900
27864 708
10251 333
19983 673
30627 815
22874 363
28872 2
4160 486
25949 200
14568 696
23256 41
904 355
31569 157
9249 845
7384 294
13418 752
21260 385
29193 620
16106 808
11529 338
4322 823
31369 130
28976 859
32689 31
17001 219
26859 876
29268 683
24911 883
19708 552
7774 725
1539 656
21492 6
27705 58
9336 493
31597 925
24918 759
16516 753
12207 99
17352 139
25935 19
28034 419
12767 606
6346 377
26715 253
18590 600
31943 175
13106 745
2590 270
6023 876
29836 454
4415 265
31708 448
24240 915
21044 620
19767 278
2816 386
16334 43
30252 449
993 877
15254 596
26718 657
19139 227
19212 704
29393 327
4125 370
13996 689
14342 754
12677 734
1934 606
8064 206
30245 234
24237 768
22136 923
31802 319
27970 571
8679 141
27237 259
30649 773
30777 418
19955 480
21796 366
9026 840
11115 841
23352 53
6983 409
14587 132
11068 416
29247 21
4774 465
28273 185
4757 80
1589 829
20698 634
22291 166
26978 303
32621 330
10691 567
22197 716
11029 315
30173 251
15875 85
9230 730
23841 353
31644 302
6529 478
23354 589
13697 259
30570 109
25062 180
8248 118
20783 114
3880 694
5411 364
20845 777
31405 904
8795 687
22505 382
18975 786
127 917
21678 688
21552 537
13563 419
7086 1001
10349 847
10161 997
28304 501
26183 838
10507 799
25195 735
30674 645
25050 561
9628 423
5410 740
30872 256
3580 207
31579 552
28635 612
21021 30
3781 726
28710 305
28770 52
16771 241
25427 689
7421 574
8388 534
4684 105
11333 474
26759 933
26069 369
24799 746
576 965
4493 785
23980 256
27913 834
23662 795
18813 567
20002 612
31865 729
1786 226
24296 870
9046 310
19779 301
10645 578
30724 198
32299 875
6238 426
24052 862
23851 684
21193 200
9254 101
22096 902
21338 820
5912 215
26330 516
5093 942
1715 132
328 788
14623 831
11635 926
1275 915
22092 444
6267 124
9664 503
18461 360
18522 568
31195 465
21012 572
20645 959
25965 697
11278 808
20667 853
20550 732
5571 679
19016 756
3975 914
25684 989
10847 146
16032 530
25163 730
24651 328
31624 363
21650 11
10593 368
10310 94
5960 468
23421 971
2085 320
7049 34
32750 981
22822 492
11128 573
3831 924
31373 739
19508 92
8254 718
22429 515
28026 876
32434 592
14816 386
25893 641
20178 823
26768 535
2251 935
27748 521
8946 274
8737 726
24815 465
8653 442
2813 157
26271 614
28736 878
1019 59
25434 273
9891 216
25913 57
13867 928
29234 446
10925 385
9556 329
27327 889
9718 726
17826 390
5011 491
23996 81
25560 733
5960 59
26362 849
24397 704
26189 120
24268 955
4371 47
28222 584
11153 203
23870 869
13417 557
25218 428
29731 186
18447 688
11021 376
10157 675
20805 566
19353 560
7444 313
1915 400
17277 456
7575 631
10006 957
1095 759
26903 543
8105 789
4273 417
17301 355
15521 988
4562 771
4868 295
2185 273
25453 855
21753 897
12085 484
15981 920
3090 6
15723 533
5355 16
4911 1003
23787 303
30040 8
6357 642
8672 588
29335 146
28497 359
15137 544
11574 338
28279 974
26832 714
15877 507
27147 327
5428 85
31920 708
19514 996
23004 383
32054 503
17841 555
12156 790
13643 152
19757 268
4342 229
5900 761
26270 733
2700 285
8327 716
28206 163
5182 913
30729 884
32207 663
17066 996
15160 268
1055 446
23582 510
15183 164
22975 487
18317 241
2856 215
7788 109
10663 137
5076 333
31108 363
26709 170
27372 364
4540 281
18222 661
29156 53
15914 244
28623 315
26629 713
9973 897
3874 539
8412 239
22094 13
19689 503
3899 638
10870 753
21808 281
22821 775
16382 488
883 42
17206 729
22416 143
3481 599
622 390
31952 871
24855 453
31070 965
23621 612
20178 678
8748 974
21569 430
12955 954
30963 149
28995 667
2397 788
12886 920
16463 648
30037 171
30831 435
16931 425
4582 42
23645 537
24665 229
16622 402
13595 422
8669 596
22945 819
21610 736
3638 111
25946 258
24815 991
18319 540
28898 363
20699 572
29075 963
30998 759
687 752
3950 484
12285 507
23039 938
11665 817
21412 274
9283 922
31756 785
8799 65
28176 409
1182 822
12355 822
27477 879
29643 524
4077 98
13680 119
3731 573
29939 864
30768 482
30369 723
16540 998
17191 357
23823 858
22952 67
9944 672
18445 803
22097 522
7581 967
10770 656
27597 33
3685 979
18777 418
22778 950
2963 584
27868 249
10747 656
23204 755
17 615
20717 967
24935 134
28935 48
13306 462
23536 38
1218 162
2943 512
19080 746
19427 31
19192 847
26956 678
22007 379
26088 13
19255 813
19473 38
7688 156
28869 585
19313 526
14934 778
30335 645
16226 835
7901 75
20998 832
9637 938
19279 914
5238 884
10993 719
23239 729
24380 383
30074 554
18763 562
13492 731
20863 271
5101 958
8236 90
22595 241
20113 368
26900 61
9230 56
5835 120
13201 678
17402 293
27986 87
9386 235
30912 784
2031 528
27322 793
24511 15
11267 585
31491 837
9200 490
9711 376
31588 622
9359 463
3070 684
15267 442
20369 87
15277 723
25557 262
16968 543
30300 747
9659 666
11463 362
16078 927
23865 897
1245 856
11020 833
12330 810
23491 681
22135 97
30784 671
13781 283
3640 423
8631 505
9699 179
17994 530
16376 807
13833 482
28632 557
30092 305
26121 687
31136 885
32487 29
19357 534
10646 339
18420 177
15163 139
11016 956
620 69
24639 451
12005 835
18264 707
24956 419
25599 779
30807 524
11166 341
27484 844
25975 485
19689 862
20720 881
17093 904
1581 92
2903 267
17636 111
25366 822
9581 170
24129 682
24601 820
2768 41
7877 938
28330 876
3247 45
13848 67
6280 97
9850 159
7370 6
10553 385
25163 517
764 289
12563 935
2847 177
25450 341
30561 638
12086 844
4060 647
6532 627
24379 873
18533 471
13095 468
9979 449
258 221
4051 517
728 609
29045 817
8338 601
8506 240
31085 558
20574 332
8619 675
22358 499
26761 207
19300 99
14960 345
4712 905
29551 965
26873 253
13801 399
3764 736
6539 808
3284 533
18049 60
19204 785
20714 681
26225 502
26761 225
32546 632
12477 510
28556 297
21683 477
8801 863
11226 180
31402 404
663 502
533 433
23355 22
20880 495
15154 584
26646 955
22652 481
25545 86
15202 481
20802 424
10337 857
1317 637
26219 616
13304 903
13647 554
15413 483
2165 807
22173 909
22990 709
8400 519
10507 545
13851 668
31501 196
19089 908
28061 798
31837 995
13150 253
20310 524
3071 462
1748 411
3253 632
20930 954
19689 343
31989 394
19246 422
8124 302
7797 374
30393 182
18308 982
24815 773
13988 884
13083 96
22938 409
21832 53
17881 881
24222 410
21238 369
9083 564
14684 903
27077 762
2369 838
14206 827
3545 669
28568 990
28873 696
12555 370
12766 611
11302 312
18175 254
25122 94
30816 195
765 559
19705 530
23942 50
6967 32
5556 815
4593 30
5435 358
19869 482
27233 509
19908 906
2318 79
24243 908
8739 967
19316 827
1293 611
27644 790
16282 449
25510 290
28683 328
9184 448
32106 888
1828 893
10782 750
6187 522
13500 506
22877 391
31520 458
8331 163
21437 210
23264 461
4401 745
19733 503
25628 906
9189 934
3891 1003
26817 917
8592 355
11972 720
11084 838
3049 62
8272 568
12924 345
23912 754
16078 932
922 834
3373 715
7605 625
11283 235
17452 388
16030 851
13093 556
25408 667
1742 824
29368 326
4592 42
11073 736
710 325
7177 660
18959 390
25828 414
30818 963
7746 955
1474 560
32095 752
14194 592
2233 546
6154 761
28871 281
13771 131
24808 118
6960 967
23706 330
13765 641
31980 745
7996 783
8758 683
31934 551
28167 143
26751 953
6495 168
6549 547
31518 931
15882 673
21181 616
15152 457
11068 835
18484 598
27227 698
5878 907
24589 714
32536 329
27178 863
24406 597
100 572
10517 978
15484 768
19006 816
12982 22
26956 633
11914 770
10148 209
10140 804
24101 513
750 144
2049 960
29780 194
20427 314
5161 539
29393 922
32065 424
28331 501
1822 184
11540 296
28775 358
8697 863
3477 113
4048 732
20464 872
26155 871
14522 36
28301 357
3242 523
15228 900
23452 762
3543 389
12422 803
9322 677
32174 920
10688 121
6426 773
13368 572
23880 671
3163 300
16928 292
11629 706
551 608
13378 806
8181 843
12372 935
24553 932
2834 393
2587 516
31098 237
2194 529
11241 357
13752 17
12338 850
28426 625
14830 127
16404 132
17684 751
14749 142
18122 135
18719 707
24698 559
9338 613
18727 368
7656 483
24834 501
29748 31
9016 3
29479 149
27151 179
30788 625
14641 468
12213 866
583 313
7556 988
6090 816
18190 481
16918 792
4277 535
10945 170
9174 731
4650 70
28923 800
853 698
8785 737
31222 819
4700 669
11979 996
6889 71
32303 290
20548 646
7405 947
31916 235
3922 230
28676 374
5766 104
30667 398
2076 131
4942 473
17383 8
14364 158
15375 115
15035 922
17253 425
12185 744
5620 563
22597 385
20440 568
28895 852
18004 169
29134 77
30494 705
6576 434
509 560
21399 943
24726 37
19826 802
20611 899
21193 304
9126 112
16302 386
27325 190
8176 932
11830 951
20113 24
10564 482
10618 245
15154 331
11630 792
760 707
3645 367
22796 630
7994 859
7034 981
8174 904
55 940
16654 207
25010 926
30123 67
14765 998
25769 451
15947 518
3698 938
21866 795
31467 938
21042 615
936 854
12526 753
3676 338
17691 164
19347 753
3519 125
19875 825
9213 396
3039 334
30693 551
9743 342
20369 126
31773 78
15469 322
28177 746
31446 611
22591 783
28647 712
8127 955
14735 431
25374 158
1255 424
9043 776
7875 222
30965 436
29320 385
10667 19
27453 526
12771 544
27364 592
5831 199
19466 200
5228 183
8605 453
31821 230
10494 450
22521 75
8791 220
9224 192
815 905
14163 539
14139 913
10853 211
25463 733
21292 778
24438 404
10484 96
22774 579
9367 845
21944 151
28909 802
1935 70
32650 28
9910 539
21929 727
18022 630
9571 757
22440 368
1829 54
20073 235
26464 574
7372 601
31874 940
30916 524
22822 122
8161 919
28295 711
3434 534
4923 493
22189 636
25118 133
8595 767
1420 176
26999 736
17107 496
1592 516
23015 895
10637 553
3416 36
18073 397
26242 324
6080 497
2564 107
14008 556
12403 103
31459 401
5967 282
4572 373
32309 537
1616 823
1111 296
10511 338
31274 755
4194 268
31582 411
8608 549
25875 323
22780 464
31818 255
17313 545
22681 363
24577 963
26404 450
22633 983
6600 335
19417 480
5785 516
6420 346
31631 333
24563 393
2684 1000
11518 505
20801 645
829 837
8770 227
14412 788
28951 426
22190 75
26501 724
31331 519
18092 232
23485 86
26753 838
31855 876
30079 165
10983 99
8858 334
20446 484
2933 679
14893 462
31956 98
23778 261
17236 908
13203 737
21082 191
16626 494
22345 946
23458 957
3320 241
15689 438
25443 947
2023 605
20384 874
13670 582
22549 874
9586 120
12521 164
15754 122
31928 584
20311 572
1419 568
14653 998
519 55
30001 38
15076 524
2506 239
9377 130
4506 246
16758 668
19646 589
24459 136
28852 229
1895 123
10861 516
11947 590
1699 849
768 459
13421 2
24910 94
22033 922
19759 590
21529 362
31907 338
26281 108
19461 94
18703 769
11837 433
19356 140
27960 680
14258 464
20117 218
14879 358
28833 94
18345 577
29574 162
12266 15
17087 450
21087 473
4815 135
10683 507
26419 426
8577 776
13461 593
27089 842
29506 157
15746 385
13790 525
20082 237
6231 300
19482 561
6935 415
14438 780
15998 529
32451 931
29327 658
377 990
12009 853
4411 148
18169 799
764 145
20079 777
22533 170
8686 321
11333 148
26632 526
24296 783
7785 767
10539 898
1874 58
5998 971
2890 801
6282 34
25360 568
5990 6
7635 697
21189 912
22437 380
26466 701
13358 178
16447 389
29085 819
24890 57
10212 294
16353 991
2085 680
7815 413
12391 214
7576 465
26510 282
30505 757
21898 689
6355 928
3022 514
4034 140
29188 832
31497 302
27391 439
30776 788
17905 728
15921 614
20446 142
23095 67
6480 908
17224 630
17485 108
14253 492
28294 342
6351 215
3025 728
14668 240
17625 366
20810 949
11796 356
3340 249
27382 660
27075 662
4453 308
21670 326
24940 155
16452 216
9523 573
9241 81
19759 577
6752 733
7318 192
4137 330
31254 739
15275 236
14534 54
19675 414
27997 147
3134 855
9122 444
23547 161
2083 184
20276 145
23082 8
19350 789
14829 478
26927 71
9989 678
1152 432
17185 553
14036 801
11516 721
10448 132
1932 601
29514 549
381 34
607 537
28893 385
11967 570
22297 862
332 156
24872 183
21732 56
14342 871
19066 747
13668 984
17260 14
20638 355
22032 540
22509 294
28816 145
18910 161
7673 997
25346 606
8590 682
13287 280
23650 914
21320 999
12582 149
129 462
23103 460
19013 555
26140 485
3475 662
19910 354
24806 451
22968 464
16301 124
18674 965
2554 158
28233 501
11390 634
14337 67
1205 280
21917 745
21854 958
28662 343
24366 258
10123 50
29125 156
19736 581
2273 270
2154 773
18898 631
24945 855
29998 5
24471 387
8389 290
13136 22
19927 852
7666 468
12165 263
3016 453
13702 839
5217 890
12059 171
21806 210
6725 897
23117 163
29493 198
2463 68
6148 976
17440 635
5284 729
12664 251
27415 289
27085 990
11230 103
29148 724
29365 801
15688 708
7037 442
11057 115
17274 639
12553 368
27326 755
10147 889
18917 655
28301 768
12291 945
22944 728
31963 634
7381 100
2898 312
10843 785
8227 516
14054 252
12499 408
22601 455
5864 566
29255 50
854 929
26022 474
17978 90
13702 651
16074 634
5873 496
1932 684
7859 637
12999 722
364 843
11064 304
6627 101
3333 730
10653 265
2807 205
1967 514
13283 868
12752 382
11369 686
29618 975
12513 607
6291 290
29587 293
23311 365
11046 385
1848 692
25948 52
744 464
29180 66
12374 681
31247 848
24296 289
5966 528
15944 46
32732 707
1978 172
6705 484
20909 130
3414 481
16783 585
8536 463
4070 707
1015 708
4765 893
17822 596
16795 905
8856 833
27035 845
27776 168
311 784
10233 477
21573 806
12960 292
31079 621
1343 726
17886 634
26180 118
13215 549
8305 970
28073 465
4564 899
30357 236
9978 371
7535 283
5728 967
13508 301
28714 77
16380 176
22039 469
2794 648
28597 859
24482 678
28369 32
20107 866
14386 1003
15541 196
1159 668
11372 857
3485 730
29709 942
7125 101
22296 784
2006 53
13703 415
1151 963
17758 981
17695 878
2692 222
21481 993
209 186
11426 728
11368 441
28573 4
1095 824
16617 228
27420 790
10185 864
10842 103
612 705
9101 991
25022 725
11243 77
25063 833
17963 707
21107 491
11930 327
17193 125
28011 79
18688 821
25422 592
3911 352
1093 735
2339 56
13491 721
22334 794
31926 305
13758 927
1463 278
1652 643
5696 205
19286 536
13 386
9520 742
13413 632
10902 731
29355 88
11037 345
17712 916
13003 189
16459 673
25035 841
14252 292
27749 441
24045 209
22318 579
618 623
17276 543
24915 749
24605 774
14847 253
21065 274
8067 637
10964 914
14212 511
15272 881
23369 989
24947 126
20244 222
5533 550
947 779
23677 673
5714 901
25548 631
659 978
25946 881
15073 629
8703 882
6913 733
2261 815
26857 824
24228 860
22486 277
31134 689
16793 4
25933 49
2609 778
713 115
24991 216
31022 842
22518 28
2637 181
30642 782
8098 607
23114 162
9095 270
27401 199
31398 964
19481 330
12724 730
4577 373
13149 145
18577 389
6778 862
30714 679
29834 512
6564 36
2144 556
13594 969
29977 505
5769 699
15697 263
21385 215
4759 845
4667 29
29981 505
18068 807
31668 445
23032 570
22520 918
28939 332
27336 796
17348 122
31994 341
15299 376
28748 444
19684 995
31901 232
15380 84
19805 153
18531 439
4930 31
27227 908
24124 374
7568 670
21420 157
26745 560
5329 954
5758 694
27010 936
22610 538
803 1000
16003 689
27602 378
16976 253
30177 763
20666 200
16265 489
3038 321
7900 59
13953 620
2556 107
32237 571
20363 58
5628 741
13154 895
23410 508
17286 960
28815 303
31063 659
2021 99
31499 542
20840 652
4443 411
15812 925
9596 847
3059 233
23377 455
21774 916
7135 892
2659 132
9217 834
6601 578
27485 115
11312 348
30614 493
12924 343
28612 178
13460 7
1057 493
5813 229
32260 81
18701 11
3092 351
5509 372
7861 39
32734 730
26823 831
27647 483
22672 778
32397 915
7414 762
27581 527
2802 871
10342 65
30529 894
12635 278
22621 629
23799 340
17579 703
27385 62
8438 206
18066 78
4892 719
11965 679
3335 957
14543 378
991 995
24911 943
10110 116
7943 614
11813 122
11355 154
2157 351
31450 888
4480 175
1299 634
3976 93
29354 502
6248 89
17067 67
11947 774
28701 999
10937 996
17627 299
17489 635
20127 20
20531 559
10848 769
1565 629
6622 903
25337 495
6011 74
31573 26
23628 10
21011 702
3184 378
1890 866
32160 425
29677 513
19464 457
1106 846
12629 941
26837 228
21008 72
27990 652
29994 627
3456 952
23000 199
6468 929
8097 905
32133 664
29876 679
1301 872
32384 81
9697 571
12415 699
11880 278
1362 611
26482 432
19987 548
32254 914
3047 478
18812 783
2002 568
16956 937
7376 60
15399 249
26657 564
14765 947
21476 488
27390 435
12263 347
11645 577
19646 853
8049 716
19730 311
7166 823
8508 968
13141 799
24850 266
29479 897
30721 648
4959 192
22365 675
23312 649
8948 636
20908 647
3049 957
4216 895
19904 474
18492 596
437 118
20287 89
15442 679
19314 458
10560 317
19692 764
6494 709
27798 881
14096 178
17192 650
21722 915
19540 393
2605 719
2624 687
4736 867
32058 134
8867 550
17320 348
10320 994
30269 790
10244 678
5235 3
11532 279
5429 264
32739 473
28635 326
5819 185
12636 434
29786 56
29119 925
26919 2
15827 72
27269 227
18720 527
29791 768
31773 470
10500 642
12964 91
9014 382
16034 356
11901 704
787 973
22978 704
15150 774
6168 329
16860 388
25565 550
28015 392
6146 710
21393 69
29607 845
2426 45
31723 331
13415 11
12290 512
32327 925
17288 840
17079 183
21268 904
2096 389
18193 231
6527 866
22729 645
21366 946
28099 80
31458 831
15695 952
11965 416
29791 207
19108 454
19352 561
19851 494
17321 786
6319 366
31708 503
6860 911
22250 990
15248 355
25108 417
6992 338
12911 469
31483 473
11392 202
24652 641
27144 667
19011 219
12833 597
2517 55
14218 785
4835 740
4416 911
22889 425
8526 464
3832 160
24037 686
21606 236
12463 829
13252 367
24673 193
30352 540
14480 36
11308 326
25541 674
29839 760
11219 609
25403 933
5224 10
3694 486
995 454
7837 801
28261 743
29214 876
14123 453
10533 694
15387 504
11761 993
16284 583
3399 389
9387 134
13088 706
12588 73
24479 978
19069 81
26693 700
24657 689
6504 199
31164 870
19425 733
6282 570
774 448
26325 703
9944 440
25303 202
11901 943
31996 904
20208 265
23611 115
503 16
15527 877
31061 133
7233 129
21057 396
10769 335
7448 856
11125 341
3407 923
19384 537
26027 577
2534 625
29876 524
14559 487
13671 163
17835 717
26667 712
14349 241
14342 19
8539 783
16401 832
28044 589
1321 754
19091 158
14312 32
6636 443
21203 362
8308 22
26837 482
26749 976
14317 883
2594 493
21539 424
19928 799
32448 943
23878 178
32190 762
30295 767
1918 587
21645 54
5817 997
17560 35
15033 816
5671 991
14281 980
24574 851
3050 366
19016 184
11207 926
21295 859
3051 948
16811 82
18994 146
14999 887
2941 679
11274 396
25002 135
740 622
19908 306
24231 164
12918 178
14217 70
19142 20
10951 276
30976 499
24891 722
495 840
17457 302
2131 462
29815 252
23696 515
14259 678
29860 998
20473 87
8283 74
29085 117
19910 462
19270 286
29161 307
21572 485
27060 136
21796 161
26421 289
24193 171
16139 590
8733 751
10782 640
25136 433
20365 122
27391 202
10984 114
19121 352
8864 211
15198 322
25275 147
29546 462
20428 344
20497 347
9763 917
3650 663
6465 819
1457 958
1935 951
6696 429
5711 168
22301 724
18898 181
27018 607
28139 326
27641 994
25253 926
14558 386
8497 627
14122 622
3362 907
21789 683
26077 954
9564 627
27722 611
21059 69
4304 602
23420 394
15745 85
20945 957
4241 111
1342 805
6925 781
22859 181
30665 709
13209 22
20123 803
14522 368
6086 801
19269 503
13241 741
298 990
11002 296
836 434
10845 206
2861 303
3961 280
29526 32
6492 913
3415 600
4478 318
12931 765
244 307
17088 494
17894 980
1430 207
7491 320
8581 458
29875 235
7580 456
6350 167
8519 294
5003 59
26217 648
20219 682
4522 730
20535 994
25875 45
7831 182
216 471
11044 622
9844 54
19536 89
12795 684
8677 514
15788 251
30012 570
9158 700
27055 381
21150 603
4432 208
9965 189
14812 383
16494 58
1514 352
1193 240
9832 867
17417 535
18504 549
13621 100
2679 336
15005 2
4111 255
9811 33
717 288
28701 33
6597 669
4552 641
30804 949
32191 468
31063 92
25564 784
15002 957
14461 126
31892 252
12763 787
10833 13
12183 668
7599 43
16534 342
29645 634
15119 359
1473 102
6882 571
22921 150
6700 329
8004 848
14360 910
3747 653
8696 595
14490 622
12948 448
8539 267
31681 891
13956 1000
3638 602
30103 680
29596 690
22188 908
3812 806
20322 268
22237 583
539 516
7942 61
28009 719
25249 991
12227 431
17928 327
13181 632
16964 9
22263 49
11996 428
25876 94
7659 311
29165 235
15989 105
28615 90
14587 451
4163 355
14925 25
17877 133
8352 837
31095 618
32480 1003
18591 342
27208 136
24430 888
17967 965
17194 61
549 798
8430 811
32318 463
29856 111
2478 742
7204 487
12182 114
10959 582
17950 457
4383 177
29636 283
27817 152
7924 69
5202 361
31704 97
13506 769
11377 6
4374 302
9959 208
15317 532
22045 545
23590 683
10377 577
21312 453
323 950
22049 266
16219 915
20355 520
20336 896
7692 273
31614 842
709 616
27896 785
21453 545
5399 202
18255 471
28529 238
27313 989
21197 999
6670 761
17462 801
3047 396
78 278
17685 416
12005 281
2306 398
29898 249
6681 713
22497 156
24187 836
10614 944
15604 50
27345 485
17965 691
24587 494
32291 408
17696 976
22999 240
22852 987
17736 816
13435 778
17822 755
7012 607
2984 574
17749 132
2696 929
18605 861
26285 800
8550 829
20738 54
1514 521
8805 222
32296 832
19291 938
28902 288
27650 909
7001 28
10311 230
9971 728
3160 932
20860 309
5469 231
23396 725
12899 464
12376 95
20888 590
32275 61
19902 737
11639 606
20442 974
29148 666
31020 891
25256 751
26980 875
21279 874
29971 819
23677 268
8288 721
20034 431
12796 497
30926 104
29272 671
1581 738
27413 589
21812 822
15036 705
2765 641
20655 468
19855 751
9567 685
24466 728
17088 781
2689 473
12538 429
4592 916
7010 755
8176 550
16808 132
24545 509
2385 233
15240 585
17256 543
28258 158
31345 758
25399 18
23711 228
4081 718
5703 177
17327 673
12435 443
6934 46
18555 312
3815 415
12785 572
20695 160
23388 829
27291 285
1352 956
21314 610
8796 581
28359 531
29580 128
11239 798
13456 371
13360 901
27796 15
25179 930
14129 846
29403 671
6556 938
8886 822
14365 343
12436 603
32707 572
29717 915
6231 678
32616 847
12942 468
32538 156
1666 535
19499 475
5731 859
25703 299
2410 945
15603 462
13071 39
8999 846
6780 859
8091 90
5697 186
3973 928
20553 86
26690 105
17933 388
22834 727
6407 654
16329 598
17258 35
8675 831
1296 909
8792 630
7348 754
9169 228
8545 562
3546 1000
4138 543
26680 435
25116 364
16508 141
15985 488
3544 564
7430 420
1842 455
27920 781
8055 129
5130 846
7218 893
22770 110
31325 899
4020 349
5494 454
6375 655
17622 163
2487 770
25407 261
4130 127
29876 61
26472 37
24205 818
28860 781
26058 34
17472 570
26536 251
20016 498
114 718
19549 928
5274 870
16350 484
28680 171
9986 780
28594 166
5001 533
26989 255
28947 716
17922 742
4056 379
389 724
18330 413
1506 1000
18136 169
5049 779
25157 517
11628 945
30840 860
14454 349
15845 169
18686 31
1292 877
19371 1001
22256 174
443 568
28619 485
847 903
29696 706
15369 709
29009 327
5593 516
82 640
17940 256
6685 68
28871 924
30280 233
5706 128
1300 199
32536 603
23015 249
6621 816
6653 768
32721 320
17242 698
4933 539
24579 146
27771 595
31085 330
2235 76
24630 460
28579 759
7187 370
17087 908
6154 1003
27482 86
24289 475
23187 396
31702 545
4019 552
21392 942
22717 527
2390 752
327 613
17535 737
25481 851
27177 432
4020 246
7982 91
32133 696
9812 138
31769 626
28356 906
21507 103
26302 708
20380 810
26250 800
7578 103
18354 130
16868 102
31854 409
2213 717
15200 551
12191 717
4993 614
14787 216
31836 926
8446 816
13946 998
23125 14
4125 197
24628 643
25137 448
14083 175
22911 630
8187 532
24612 715
28216 694
15169 544
12815 538
12533 666
11937 73
19080 542
19888 995
1769 915
1458 88
4443 421
26148 131
20587 469
15905 42
24869 754
4403 409
21127 722
20073 82
13622 793
32170 906
21360 685
22344 452
9538 120
31192 733
21755 39
12866 676
26592 136
2580 290
24353 854
4124 181
25868 768
3893 964
23169 16
10081 475
22694 838
32024 651
31451 917
29408 525
1265 358
8478 131
14742 756
44 900
29972 970
30891 473
24636 404
19995 57
20380 698
6057 273
8953 889
15175 744
14585 684
7938 947
19231 421
1168 645
17916 9
17193 332
29092 664
21401 980
32352 598
25234 561
18850 31
23878 718
28478 27
11317 840
31446 737
4164 644
19862 689
22032 87
3106 559
21377 257
10445 887
25506 4
24076 663
21680 313
11562 166
31857 72
13629 55
26310 794
30296 1002
21124 801
21762 474
28800 214
29159 75
6377 114
10702 609
27355 285
20939 962
2608 457
950 574
28570 286
3803 276
32495 463
24819 908
22467 905
31572 620
5180 37
18532 720
27170 484
25939 828
25142 298
13322 852
6597 233
18782 670
17020 634
2954 516
21630 163
5340 885
9908 820
11950 826
24932 250
30872 645
32518 153
4068 799
20307 62
19266 277
12446 439
24253 787
29543 704
31726 800
7214 6
17008 125
30597 497
5268 109
13417 764
9301 55
30930 616
19598 1001
9353 194
2666 655
13882 443
11036 629
1738 82
465 511
20202 365
14819 5
10989 390
6480 145
4310 825
18282 831
27830 954
27600 761
22325 776
14748 665
6766 34
15070 834
30976 102
28746 138
27489 899
6445 742
18294 689
14246 297
1633 827
9490 25
7323 267
19144 387
6210 878
21255 402
31156 677
26156 81
31324 591
18472 390
13772 510
27186 824
26892 594
17593 496
15410 915
3485 142
18995 293
7838 731
23289 830
8213 877
950 63
19426 962
8567 665
23717 747
25084 606
32049 494
20167 308
19517 159
3699 113
18525 309
20551 677
14385 471
5643 406
25308 631
20506 201
11448 452
32697 870
27721 822
21415 259
2927 618
29430 160
18655 15
27160 428
11731 788
28221 333
3073 119
27357 789
6090 676
3472 11
29365 207
17446 958
14875 134
24820 690
28196 477
22892 972
17650 520
21233 272
15899 47
29161 490
2653 1000
7955 767
7053 681
14106 50
28881 499
22635 295
29455 348
17220 955
30117 595
14 451
12123 534
16365 187
16277 224
11157 186
5070 680
5215 591
16705 250
15260 453
9961 747
9257 549
27564 553
8772 268
11476 51
7581 337
28862 70
14768 717
12758 409
22611 990
5571 372
10891 790
9438 113
17316 516
5609 753
25217 479
510 289
25904 248
5317 98
6849 689
3306 128
26457 129
8398 454
28290 985
7037 522
14277 336
17889 358
379 900
28725 770
13792 337
12219 588
13929 755
9394 987
29016 808
23683 968
30093 435
9275 499
30879 46
24381 502
811 386
13881 806
14188 67
12888 637
26124 970
6329 365
25914 305
6689 80
24061 230
10990 324
968 58
5965 42
27214 728
10157 84
28055 682
26996 322
24660 586
28656 304
29808 121
8592 825
4583 282
25940 133
4059 60
17538 828
997 388
21659 202
7081 122
32141 269
13485 125
28714 728
9835 620
24793 892
29348 586
23179 769
20472 910
15857 1000
17076 865
16621 14
14315 725
582 481
22216 345
1439 625
31778 810
11178 753
5201 13
31385 571
18240 619
19157 838
10948 321
11251 459
28460 125
5604 889
14874 270
14955 162
9105 101
2772 751
2382 154
17892 707
11356 107
8716 356
19683 414
26593 269
14401 131
4305 354
32091 257
15886 344
15157 456
7119 792
15809 990
1208 736
23797 288
31126 508
21024 802
16720 974
30590 994
17691 1002
9738 689
31980 888
9619 489
51 993
25362 199
3782 910
24891 167
9755 357
5970 443
30395 704
12864 555
19955 383
27622 205
18381 461
27825 24
23871 473
27503 320
8865 302
32609 713
19044 57
22673 588
16386 637
21093 409
28465 699
5237 396
2908 443
13722 567
27475 768
5447 221
19778 913
24349 344
5856 208
27833 244
26088 798
31185 2
1229 726
24191 690
6058 529
17372 721
5495 387
1745 435
24963 145
15658 463
6430 103
4332 43
27030 179
26089 80
614 214
32145 216
30633 765
3339 845
10453 820
31109 112
32677 694
11976 117
6999 53
17423 193
15384 108
25369 73
701 407
9597 991
22707 225
23614 948
5177 147
30111 932
11468 4
30008 710
5091 326
12874 803
1501 946
20560 605
26424 191
9686 829
515 635
1422 515
14230 640
7585 417
31360 121
24899 537
9409 531
12426 419
32314 429
12928 953
1889 399
5495 829
23609 615
10652 878
17282 245
2511 841
15916 648
18098 378
11026 332
18432 323
21221 752
22561 538
28774 240
3579 241
2265 164
2314 617
10422 137
13235 600
22689 32
32725 402
24220 225
20898 256
8060 966
3245 51
13465 70
30531 232
2506 2
26623 710
6033 315
29081 597
3474 232
255 222
330 616
8615 867
29949 748
23587 37
19184 903
25334 444
30937 29
422 698
3988 797
530 306
27415 979
31750 201
7848 555
17165 20
29006 983
26246 680
32389 152
30714 201
20277 716
2989 527
32485 401
10099 300
16684 581
5061 168
23401 721
17172 236
26292 784
17245 751
28181 516
28158 174
15603 355
18888 377
29135 935
21333 521
10546 598
8092 597
21731 712
3266 59
4958 875
30004 900
7042 2
6386 159
4234 743
12590 376
21054 216
25109 464
7530 515
32493 500
4240 606
21600 265
26842 868
27927 858
2898 879
1163 893
11861 573
7192 908
14149 670
26196 636
8319 477
31902 978
31629 433
4858 823
25500 327
7708 602
29744 168
8130 625
6166 511
3399 904
17563 707
1141 199
29947 449
17052 497
31260 505
4576 561
29308 830
8407 443
32360 998
30804 117
1136 471
893 31
6679 489
24100 613
25807 114
23892 917
1828 164
1577 316
28215 385
26341 960
4974 348
1601 175
1642 44
23809 948
21305 608
3531 857
6349 328
20281 321
25517 489
15405 474
8427 888
32357 957
15702 573
1871 918
17648 372
19230 763
5795 502
12829 541
47 780
13379 544
22119 318
21256 476
23965 501
25976 284
5723 145
27270 198
16980 333
21922 475
13721 418
2446 206
18448 513
30061 365
31523 729
2077 359
10165 500
28102 572
18522 640
19379 350
13255 592
28257 18
23431 305
7638 603
25328 475
3124 103
8790 943
4750 321
27262 614
12282 508
7253 251
32488 669
26850 80
5298 60
19834 248
32628 84
8243 15
22045 209
16539 163
3782 843
16553 744
3907 759
6643 147
11256 441
17186 699
2286 519
14755 945
4391 40
21408 803
30766 815
28207 176
31217 623
19401 298
19667 121
14077 82
31230 901
15717 378
4086 642
5850 200
25460 572
3300 89
21105 303
30324 251
15745 977
7126 164
11106 729
5857 914
19157 437
881 370
18092 710
5143 886
8229 205
24334 625
886 537
30577 918
19113 655
9900 736
8874 760
23089 671
1695 616
6508 670
1399 882
6136 411
1478 340
14355 979
31696 812
4431 42
17891 309
20363 645
8939 920
32290 981
30528 373
4962 474
21442 365
20544 460
29480 736
18505 927
8597 336
9692 381
17004 79
32407 271
26726 143
19471 898
13282 403
23748 902
27516 740
20820 532
736 835
31214 66
993 480
10250 636
3525 344
18519 357
24291 36
22773 292
7281 931
4069 811
19607 815
17854 246
14023 312
30881 672
7761 935
31598 368
2866 183
9528 980
5421 858
5367 376
25886 979
23933 796
24714 618
11692 778
13178 507
18661 371
11402 410
25539 543
7997 501
14602 746
16531 134
27354 149
12766 506
1065 488
11729 426
11888 216
3034 621
28579 882
3506 892
1127 118
11058 357
10880 28
20584 611
28552 509
16874 555
22503 915
7018 740
29183 295
7307 111
10663 277
14323 403
28635 554
6305 678
2737 666
4481 659
8591 169
11070 263
22940 78
17496 871
5748 815
30582 508
13088 784
15357 545
18245 984
29921 656
19611 143
25020 287
14497 845
9757 597
24208 606
23330 302
11661 433
24393 345
7970 517
22659 331
27119 295
7306 220
19613 67
29557 928
1300 851
26762 616
18414 286
7507 164
19499 599
21236 759
16166 972
7611 193
13511 982
30457 547
26619 452
8464 423
24417 949
4558 190
19015 890
22265 848
10708 891
10539 513
6790 423
8416 404
20960 194
16846 479
9308 140
20597 585
10151 536
9718 561
17677 101
30248 455
20530 124
15337 551
30212 180
16306 549
6125 962
27759 100
26445 271
26253 361
21799 361
6484 601
10779 901
11895 11
23188 686
9193 201
27458 793
29683 726
31179 638
900 965
15805 988
19144 864
5576 680
27643 64
29994 472
11392 871
17770 996
1069 11
4169 147
14058 297
1526 672
11386 25
13185 964
31384 113
32146 761
21830 433
13147 761
22882 902
19915 719
25978 729
12036 556
29921 859
30224 43
12546 831
15055 888
11509 144
17972 2
32592 421
6833 158
11840 83
24816 823
8664 894
3268 357
4264 63
20063 211
6802 241
9157 382
1497 26
7809 623
21115 403
12694 640
6081 648
7096 139
24596 408
16828 36
30482 382
3406 315
24033 810
9186 448
22979 34
2541 753
20715 201
1620 108
27024 171
23076 902
7999 719
8325 525
17013 82
27369 704
5741 349
28041 960
311 748
20498 492
522 988
30363 518
25051 677
22235 696
21038 328
11673 300
28205 266
10339 807
20983 399
22403 580
15418 303
31791 781
28164 133
1792 98
15574 93
23206 660
2811 163
9945 49
6679 245
28562 450
27651 981
5244 442
9688 273
27813 134
10570 297
19066 546
22584 859
31730 210
13952 586
6921 143
24088 23
17008 587
31067 11
31363 45
14240 173
29307 589
28689 853
23013 19
26299 631
28243 627
26593 203
4433 980
11670 471
31386 596
17291 166
23180 787
23845 24
218 205
20946 139
23425 614
13214 179
25085 442
13313 874
16572 632
19195 275
22739 297
21603 542
26608 138
6013 557
27791 999
27850 272
6769 826
30244 570
29514 97
7434 384
22459 866
19256 674
9343 399
4474 500
12265 281
12483 514
15246 108
14713 971
11839 502
13588 412
10810 833
3559 529
21408 875
10557 9
23338 416
26536 924
8472 537
32662 240
1131 414
26149 936
12884 190
14905 747
2540 591
26059 77
26661 141
27012 617
28673 82
1674 904
8962 655
15002 987
24033 666
16983 165
3459 256
5601 756
12328 392
5034 205
30438 583
19845 254
6998 332
11264 796
15757 757
23540 335
24141 85
14938 591
18813 596
12896 123
1239 813
16829 754
5857 572
5953 75
14878 401
32688 978
20613 493
5328 903
11058 271
25281 582
31324 42
30605 420
31111 641
4352 727
11258 340
23738 228
15732 283
32386 368
23323 34
20701 241
6325 970
5087 549
13850 664
32322 245
22761 621
25781 534
3707 811
27510 906
10773 602
30243 75
21346 835
18894 497
22816 859
5455 520
7193 116
21470 981
9813 385
15841 754
17038 50
15362 313
10212 242
4229 979
3538 978
10968 107
15457 690
22892 939
27803 237
19908 602
3395 185
9932 758
16323 886
30059 902
8550 396
28507 463
13511 318
17465 529
32650 758
18648 284
12361 272
27867 629
24785 979
11907 950
18575 416
197 609
29509 669
22432 162
20481 923
20141 303
11344 104
7672 374
28591 238
20750 494
11074 652
29783 647
20937 133
11430 60
11215 704
27919 978
23588 754
16121 59
2190 66
20595 750
31420 624
15564 962
19835 777
17245 229
31277 693
24746 498
23158 768
32170 602
29240 807
10594 470
5570 161
4281 229
16452 930
10375 591
11910 707
15855 166
4570 388
24815 745
28496 841
23861 595
32552 972
13620 12
8333 106
21368 213
13696 649
26166 15
31506 808
6440 444
12758 543
8599 909
10902 568
20666 704
2885 829
8254 595
24629 375
27942 783
19850 176
21717 493
29935 731
26729 884
25479 425
10827 337
7206 750
2564 995
4546 198
21075 518
9764 87
15740 176
227 263
9186 249
21139 627
30936 226
22586 519
2485 683
13059 159
13094 653
26679 9
201 761
7528 367
27383 184
25840 311
9953 101
11930 275
15582 36
12446 828
22787 625
23763 595
2549 404
13856 915
25083 907
6707 673
11863 686
21366 386
14551 494
1855 988
18343 557
21576 107
20329 926
13662 682
2951 674
31837 652
28872 220
31067 148
11810 24
8740 498
12240 776
19943 11
22692 591
22830 53
26013 28
17939 506
12220 989
11441 820
16404 242
4058 534
27169 814
27144 89
24666 523
1685 401
30473 26
31534 404
2395 483
21893 675
13491 104
20806 109
24132 850
10829 472
14047 291
24342 486
12553 592
30580 603
7505 304
9094 899
24801 602
18151 36
31314 395
17446 881
18629 806
7286 216
18735 706
14246 568
15860 909
26707 296
29880 807
92 666
7793 988
2454 930
28097 744
30401 946
28548 814
24763 197
20901 936
9204 685
3125 209
29218 762
8382 998
11318 852
25556 963
6286 448
1262 216
18796 918
18548 241
18343 613
10265 253
21920 806
19819 94
24184 382
6824 797
25984 283
13780 341
2545 678
18952 623
29406 793
29453 835
14182 860
1834 431
5934 612
13113 642
5903 508
7424 596
22027 566
32703 670
11910 249
30470 59
30642 250
27593 833
31564 310
22454 459
29574 627
21190 445
9540 216
7955 1002
27274 230
9961 57
16693 230
8479 463
12778 721
20392 344
9037 516
3173 38
28019 272
6205 899
16793 950
24688 316
14870 811
11816 190
9870 970
29778 408
26729 363
12203 755
29571 856
3358 81
18213 876
19021 915
29493 361
1134 983
32169 845
26968 40
15425 49
32477 345
30326 97
29787 859
25518 22
12942 367
22961 306
7592 170
16224 922
15780 417
6053 745
16599 52
14502 720
3272 177
830 872
20801 45
11949 231
20902 819
31886 461
22662 414
26890 342
2416 230
11084 573
1288 35
6708 316
4953 265
18768 152
18541 722
29192 693
22299 336
32024 963
1569 580
16452 764
31603 755
17478 577
20946 814
9996 760
11423 986
28192 380
15858 359
23912 799
29415 56
9743 330
14904 868
451 732
6417 319
3617 646
543 298
31853 77
8939 401
27015 934
7014 592
29210 457
21444 445
22295 651
25742 738
18018 477
17651 860
7115 620
13152 616
11839 454
3152 407
32063 46
868 438
21138 70
29366 241
11319 726
13419 870
670 78
14983 874
16152 225
22789 753
30347 328
30248 974
15466 473
5388 80
8676 532
28288 924
13660 213
3096 224
5658 393
6525 393
28736 661
24584 457
29951 732
8335 952
8970 952
16255 868
29515 681
30507 631
15830 151
1124 365
27419 804
330 125
17759 191
25185 359
32365 755
18920 203
15752 856
9574 640
18853 875
18821 701
9175 482
35 128
9739 326
15527 703
31221 624
27281 450
31818 158
2646 97
24624 545
4202 339
9971 729
15006 65
16377 534
20396 95
25848 535
32016 185
1638 180
18202 976
23601 515
16194 291
28337 672
29883 901
11227 249
21323 370
23735 541
25689 737
3860 543
9800 197
18298 331
28163 384
3936 93
1753 893
13215 923
1164 320
18215 257
31652 134
15856 183
5129 567
13364 593
10705 300
13788 556
28759 510
6712 287
19341 451
18418 989
21395 648
30021 395
13960 48
14442 993
27808 67
31827 322
29302 202
11676 459
32164 287
13247 356
24466 180
2695 484
2699 910
4039 111
27926 319
22859 763
6019 312
9999 335
24516 415
17839 484
30590 404
29983 939
10336 508
10140 904
10932 483
11490 872
18995 235
7584 921
19742 358
6953 623
20874 524
14188 211
5372 795
6438 978
23093 385
12374 497
24911 99
3826 94
9737 482
14808 32
22624 456
1543 226
17247 734
22031 870
5687 270
19398 187
17298 425
16957 813
27429 685
9202 139
388 288
28999 644
10811 509
2867 835
30746 711
5688 179
2000 495
2453 975
10428 768
16060 851
2047 345
5382 637
4566 911
32166 42
32039 972
988 106
13657 388
9579 647
5737 675
3916 67
12090 194
4772 674
32301 174
26100 423
23538 365
1679 789
2206 864
20050 854
3837 612
4495 494
29225 114
22858 511
22875 884
3496 636
11778 819
9380 762
24594 983
10500 62
17567 951
11659 642
17066 597
113 18
16955 690
13072 885
4528 286
18912 267
13652 266
10405 856
21811 607
3815 850
15661 447
14499 938
9034 349
30528 602
10317 265
22212 456
18060 657
9032 686
8958 377
25258 835
29846 30
5761 470
30159 160
23126 993
5257 219
12817 638
21523 56
7345 482
5513 210
16192 356
14944 849
15366 152
21823 482
2558 44
23824 661
24710 566
5720 577
2906 723
9923 114
15043 643
1796 831
9228 460
18139 725
1590 639
22391 415
26349 96
20479 308
7098 481
24684 242
29561 354
26265 558
5134 808
22941 890
24660 51
32600 434
31318 881
8268 670
13762 886
11694 409
3738 515
3517 339
30765 405
595 539
6214 543
23994 936
17059 494
31168 72
18600 938
9486 161
29013 896
31413 603
11638 241
22538 308
23577 890
25780 759
13125 166
24835 701
8425 976
11908 422
14355 8
18130 1003
32354 238
5294 93
11710 201
25426 932
15942 200
22531 795
19594 423
10726 550
12283 557
3092 301
21920 624
32240 851
13066 312
30137 17
25993 498
6491 9
20896 985
31115 494
22199 200
786 667
27408 624
6761 466
13308 776
5511 535
28239 84
2039 853
15121 161
5421 375
9334 923
15642 77
28432 900
22270 568
2884 130
11902 28
15099 695
30454 364
16281 632
2320 554
9267 514
7830 935
30717 481
132 214
3329 624
23394 389
3863 827
11728 935
1809 52
1379 517
7734 187
32175 440
13810 204
13733 363
10187 98
12064 86
16791 613
19642 55
20972 160
25060 665
22745 912
2358 749
12499 754
13571 503
17394 662
11825 930
8542 774
30023 52
1796 715
14792 936
13197 305
23488 273
5264 804
11164 139
9478 243
23614 874
4095 683
23377 139
27540 646
986 988
8221 487
24336 511
20388 319
26478 478
20889 558
518 283
5830 49
8728 308
2438 579
19171 364
15922 770
25531 798
2013 355
4700 586
17729 451
3966 169
31224 453
10666 610
2032 663
27211 613
7449 939
4360 848
10592 534
22865 565
28897 186
15928 837
3672 374
12419 164
31193 212
29439 343
26562 223
4375 824
5101 539
9124 802
19754 49
22535 530
21740 110
28022 402
26434 71
7315 106
32521 40
7491 6
10849 914
16061 502
861 187
17889 601
8447 534
1484 602
5219 485
26281 597
17978 241
20169 996
18554 795
8695 552
28756 681
19205 284
19559 611
939 448
19251 350
20114 515
9680 379
22443 888
25311 958
11973 442
1474 191
4191 144
15880 1001
12474 55
11051 468
15667 345
2174 896
2000 326
21857 122
4377 477
19895 56
25641 489
18074 346
30980 559
17229 282
4395 568
22129 916
17006 824
9084 603
9218 646
5224 663
20947 551
6056 356
14875 748
31328 971
26932 942
13013 107
18347 703
12067 704
32405 10
31790 599
30246 190
22746 778
8831 650
2431 734
4808 978
32663 780
30335 86
10682 412
3343 349
32717 598
13221 322
8054 799
1343 308
3282 825
16646 171
27499 214
27357 999
17252 956
23098 572
9975 188
11060 553
19490 569
17886 997
28316 926
28628 514
3598 916
7187 335
23680 828
27918 858
28945 542
7422 604
4844 845
16505 366
12407 684
5958 774
22222 871
24432 158
15727 651
24217 957
14903 760
5521 911
12685 887
21031 34
22237 899
4927 968
20808 559
29477 506
6297 312
3105 662
7803 60
2892 72
6122 496
26017 461
31464 591
25431 986
1137 998
30063 493
23216 340
2441 706
8051 336
20475 759
1757 820
10276 607
18010 146
9982 20
28632 243
27635 924
3381 80
14322 818
4083 933
31425 631
26931 423
19093 95
24033 761
31200 865
27436 62
16234 419
20281 840
9379 271
2584 94
11832 380
27383 443
29412 310
32149 265
5257 60
27642 459
20351 373
10342 937
5163 243
29575 492
24276 666
4846 517
16819 236
19396 595
21833 503
30137 907
758 150
14910 440
24006 856
21492 283
32142 823
25188 528
4152 33
9712 242
5467 342
14345 940
30735 602
5027 947
31487 972
486 712
10943 236
16167 843
19040 733
27670 963
28226 516
7993 291
14634 97
10905 848
28564 961
27067 53
21835 81
11217 669
2358 993
3634 603
21365 370
23304 684
6573 938
16456 168
28063 404
29416 605
27136 80
4684 745
20868 686
24577 993
9277 843
8109 1001
7971 736
13126 899
23028 794
18307 253
30526 170
9360 764
6841 410
30470 72
6619 135
9498 425
6823 675
1045 17
5318 261
516 187
26840 600
6064 716
524 565
5840 413
13806 300
10366 71
22145 692
4072 256
10894 393
1352 37
16443 779
15638 831
19935 656
28539 787
5397 681
29706 227
31760 385
17835 238
20782 713
727 57
27855 635
15883 42
9575 431
12918 932
18898 559
12533 65
5608 467
22850 691
21842 16
29545 238
10396 893
32123 856
8330 689
16773 828
9136 605
1987 729
21053 961
14610 860
23576 576
1444 722
32046 514
25591 264
5130 623
31752 41
1702 687
21188 973
27008 321
18879 84
7409 936
18216 444
21690 956
6653 488
15840 971
28283 21
14011 599
26329 614
19785 97
11317 746
30664 250
3023 973
15235 527
29813 396
13804 83
26686 581
15339 783
13947 458
886 761
4587 156
2914 696
22318 442
13688 854
6012 952
18124 487
15255 543
16970 937
21246 330
20882 633
25444 625
12294 474
19552 469
19488 523
4966 49
4874 602
11254 610
6760 997
4115 842
7288 682
15607 344
31326 389
26629 988
14521 254
32767 724
10874 734
20089 286
15862 177
19854 37
8250 682
1489 215
10910 345
2182 294
20125 472
23059 351
29667 6
24753 57
31912 552
11111 328
25661 364
9529 625
11236 900
2205 10
2533 58
10030 933
3806 420
22948 950
13659 739
11268 900
4006 555
6676 913
2017 337
28690 816
26193 550
9125 416
4605 707
14612 157
16248 324
2230 649
507 566
30890 659
29366 836
32455 763
25192 217
32470 89
18734 716
22783 470
26776 464
15490 805
21506 595
4776 316
21282 608
5624 311
21213 947
27053 751
22623 538
17768 378
10858 957
2339 574
9454 99
19814 777
27355 547
17341 888
27187 167
31593 670
26211 238
24150 502
31955 78
31309 133
22460 529
27243 683
826 994
29906 819
6306 747
12446 112
13333 990
18459 438
26709 390
11061 29
9432 704
17967 710
16923 858
4248 257
10297 313
2171 427
17340 881
28119 813
15539 533
21070 360
9221 105
20769 817
2820 773
860 311
14661 113
1102 877
29872 424
6716 493
4051 872
22359 276
12923 192
18154 458
4230 334
31448 426
755 746
3398 545
14139 866
27285 931
26852 218
30611 989
22867 518
26610 511
31202 858
22777 239
31794 226
1145 958
15555 181
8195 953
15297 160
15448 111
6177 207
14625 377
16621 197
8416 109
20700 489
295 926
18470 449
4872 832
6294 115
18380 629
14305 212
3559 209
11318 925
25132 992
18198 266
318 675
614 973
19783 620
13251 396
15340 823
2581 221
24704 636
2407 171
26231 143
30966 1001
4126 507
30599 645
3466 55
10750 157
16334 221
14381 491
15474 622
3050 780
9504 388
1636 503
10143 645
8119 39
14854 391
9405 399
26409 160
1831 194
16216 69
29645 274
16713 928
9027 95
20306 945
6317 311
1243 572
17108 959
20 367
13177 789
29667 858
24809 856
5665 627
9681 670
15877 109
29524 668
18144 680
26971 596
2827 62
18732 942
2846 920
30271 734
5475 255
31052 115
395 892
14761 757
21663 556
24787 159
24889 129
7243 862
14323 219
12707 969
31776 754
6360 525
28858 709
4322 179
20892 774
25226 401
19697 211
17788 448
12525 866
7069 844
8635 943
30366 732
27574 258
7122 381
17883 939
31292 935
6270 168
18157 20
7229 621
13197 882
25907 80
29495 593
11886 688
394 135
31138 141
24572 528
22302 330
15730 933
27136 616
15374 978
31909 715
18760 688
14692 970
15425 976
23420 370
11859 402
27722 690
16877 821
24768 36
19358 836
11026 141
4463 414
5298 440
5238 409
29823 75
6312 328
5434 513
24303 932
24633 846
17789 511
8287 532
16991 978
29003 392
27733 528
11984 130
1505 2
30885 342
16030 144
7774 807
7891 93
1947 568
20808 646
27776 1003
16216 657
29285 59
13128 687
206 192
29911 532
25245 851
5142 798
1926 543
22138 162
31172 979
31280 599
23562 367
17328 502
957 79
2453 178
864 663
12972 138
14672 823
23115 901
14001 549
3812 875
4776 483
24281 645
32202 257
10130 937
10709 44
23246 584
22942 173
11830 432
11595 760
26936 710
32450 788
17682 534
25186 614
4909 780
8176 802
7597 93
14292 468
30278 318
18565 472
10065 119
26690 699
31519 549
18179 683
19853 269
11439 814
7128 954
10127 673
18099 986
32515 565
14999 483
15987 367
29275 571
27785 741
2052 404
17053 687
18398 502
30833 153
31180 875
30751 867
21724 683
3663 611
20766 665
27309 426
19383 922
1179 974
12593 913
14370 368
8725 262
12079 699
17852 315
27388 916
16226 749
460 83
31100 470
25819 401
15179 922
17045 875
15538 725
22790 969
11333 950
19602 891
23458 796
22246 738
1540 416
25134 796
25877 210
25736 985
2052 217
4025 221
8408 587
10528 72
15364 226
7656 191
5691 54
10113 626
1157 773
5200 427
8851 498
2213 818
15183 860
19438 350
8120 72
30251 721
24557 443
4514 459
6791 109
1236 482
22060 420
22703 208
6498 106
12037 836
13472 162
32061 559
29355 726
24393 59
8992 408
5848 739
13132 523
2764 470
18756 651
23278 450
5426 454
23520 931
19694 205
3924 329
1486 374
27772 443
24766 394
3265 617
15507 305
4280 727
25244 761
20818 688
24954 820
12627 278
2610 244
8965 904
17281 971
13869 940
10096 976
16958 415
7975 880
205 401
28934 105
11333 91
29938 513
30428 786
25325 898
28101 497
28650 449
7335 412
11487 317
1359 393
23579 47
16290 626
12506 1003
21973 91
11543 874
12512 179
4513 35
10543 534
5233 45
3995 18
20795 85
17050 518
10307 839
9138 436
32626 844
308 145
6569 906
18470 733
30805 847
4737 740
31556 654
26013 952
12983 206
13545 954
6072 45
31967 315
7853 177
2615 458
22574 43
16731 429
5140 81
31260 955
15058 397
17315 297
20745 350
9386 199
22870 341
11244 596
2159 410
25817 415
32622 784
1167 271
108 9
25350 295
20818 765
5258 583
16620 281
14191 562
575 311
18944 877
21021 646
7352 777
6902 804
13493 911
2801 241
12905 555
20539 565
4243 996
28575 301
20333 658
26968 820
24615 492
8227 569
25749 984
13976 776
5925 431
22201 743
28435 126
6092 27
21728 696
30310 768
31488 657
4809 230
11987 706
10607 56
13782 934
31207 179
2843 161
4064 954
4342 883
8836 745
2810 33
32263 936
29731 774
11135 49
1365 565
19190 342
5 766
21437 958
4406 627
12036 565
24744 376
24744 532
8268 516
12876 536
12282 87
5291 212
10598 866
11052 507
26705 295
13752 725
25340 538
19656 712
26338 495
9154 452
3494 900
17797 698
32331 294
32578 13
20131 373
28047 601
6410 483
24502 4
6740 218
1363 324
27651 28
6686 359
11965 745
1029 692
14590 701
6014 463
7691 260
30235 316
8487 351
15198 588
26888 769
27600 309
1932 116
23117 280
10665 87
30626 134
930 476
16474 680
19841 125
15572 195
25537 217
18329 565
24651 72
3565 458
16292 480
32420 553
26212 551
6967 513
6890 92
24343 542
18254 688
12609 374
6039 789
5139 454
18478 329
1886 13
14483 528
20668 970
5711 998
7716 554
13354 565
14011 444
24989 273
11757 349
22154 977
19645 711
1835 937
9561 658
29769 389
1266 386
19374 517
14282 227
27868 873
21391 227
9727 506
31719 510
15649 54
21836 431
6557 897
6682 133
8662 89
1510 859
8488 157
2834 995
18975 650
1694 707
10471 853
26177 494
6660 657
29881 717
6467 885
16479 627
31985 52
20478 210
29002 597
6629 873
18484 218
28987 777
28974 194
23955 866
11651 509
4288 689
21699 13
28395 762
15731 342
23779 856
7684 421
18611 678
31234 825
8314 525
28558 853
11127 154
30990 201
31076 404
30499 590
23557 445
5852 858
7936 135
26665 492
29167 558
14482 554
14516 295
1576 322
13836 533
7868 799
17512 644
16208 654
4344 152
18379 43
3336 806
22257 404
2447 491
25233 555
12549 784
8192 77
21366 698
20679 674
14549 215
18329 393
28050 133
14728 351
15726 173
12152 807
20623 619
11219 806
7887 384
22654 998
11610 638
20748 711
19064 708
23858 780
15271 985
12155 440
4589 540
31805 59
6252 217
31948 132
4407 552
13037 820
13412 1001
142 6
9571 775
26548 648
21134 919
1716 297
29440 215
9382 11
5803 396
25111 454
31909 19
25086 348
9155 702
32497 144
18793 254
24729 609
19104 919
1380 630
7017 545
5241 41
18514 537
3057 753
13894 848
8004 598
5289 605
23041 375
13733 41
23235 498
16574 786
14944 445
29613 992
29539 606
25963 986
23997 10
32652 307
4791 167
8654 990
19755 565
9202 480
6644 875
10698 459
27811 323
32148 332
27763 159
25734 553
3456 661
8618 403
18995 350
6892 392
4353 52
21618 92
14933 334
13867 349
6858 282
20395 224
1438 179
3638 497
21348 879
6426 743
16632 387
18498 478
15032 68
26889 771
26609 386
17740 622
2712 609
8387 380
1851 749
8337 682
10550 20
20761 123
30506 667
15892 841
11179 977
20704 163
9785 753
26907 214
26738 109
25457 902
29573 474
690 435
6634 803
28456 178
6481 237
16423 336
4312 547
17381 155
10112 299
31116 492
30434 713
29070 124
3614 828
2105 700
8469 985
11915 647
14296 376
13639 181
29279 706
20040 22
13439 228
14358 840
19990 493
18359 638
29577 449
17608 143
6768 946
19404 684
3727 702
10947 156
21257 352
27647 683
9168 72
819 87
11104 255
20685 197
16557 362
28549 409
16729 845
54 715
23595 596
26605 368
24509 694
13376 834
24948 869
6626 393
20661 932
16756 24
19030 247
22173 477
16467 149
3420 510
18883 392
4509 141
12042 48
5387 869
1615 928
28454 727
29745 628
917 201
25781 934
25277 202
20611 899
22674 327
25171 995
23981 446
4258 140
7840 409
32681 776
3462 124
16271 718
12766 218
15070 845
10905 959
26932 286
5745 352
6715 909
22141 259
27866 188
24322 771
18093 214
2701 77
24499 144
9022 871
13895 782
5735 730
32594 111
1622 713
26302 456
11886 491
13358 964
19837 483
10220 618
2633 226
9250 200
1644 470
30286 627
4962 444
21744 837
15841 208
25989 86
9064 801
24249 765
17947 39
6873 981
21198 636
11911 307
3424 324
22449 698
22346 648
22724 794
1143 883
5148 949
29271 200
31680 649
5423 675
10572 179
28595 985
12846 155
10454 14
3093 39
13281 391
5543 239
16066 241
6003 85
23207 350
20774 879
4812 693
26369 116
26001 882
17290 773
21456 451
16770 661
31341 996
12824 933
27183 197
4956 480
12750 638
2806 926
20045 939
31000 637
30089 855
14257 428
28435 224
23012 68
28475 712
32696 158
10349 954
4625 128
1729 642
31455 901
18893 973
11669 440
28862 433
5085 98
11431 242
12937 209
19736 449
6861 684
23283 629
31660 556
21883 94
26545 922
17838 233
8927 403
7125 617
3306 520
2905 62
31656 578
22744 635
6594 550
20088 728
7599 474
19067 226
27875 130
7188 501
32579 140
8825 829
5853 229
25146 683
8150 411
1233 192
19619 413
30330 426
17020 958
5701 573
27150 829
11369 197
14449 212
6875 48
1113 827
31775 562
15248 90
9311 481
3236 416
14522 112
22749 382
20702 930
625 368
22233 954
27387 454
6444 865
13866 349
17185 988
9398 611
12127 765
7065 179
18620 169
11131 188
27986 418
11374 467
2005 487
16859 164
21284 669
23228 523
31773 874
524 351
5558 412
4988 774
4937 471
10344 671
15664 213
20745 466
21394 18
28140 515
21372 78
15779 230
4660 187
29370 910
8906 138
26093 479
14831 944
14487 341
1034 701
31598 438
8585 254
11630 500
15733 818
10003 313
29258 39
17867 72
28933 996
27563 18
7806 44
10081 280
6904 454
6250 298
26615 560
25477 926
8274 906
19303 222
30344 177
16816 211
27991 876
1054 516
32395 690
6656 570
9237 580
17902 497
30556 310
16312 648
23256 913
19100 98
25052 349
31676 717
27315 678
17615 983
7919 417
5910 133
19966 381
12945 217
22014 168
30068 116
3794 831
16341 492
27510 982
16295 191
17807 390
14571 459
1863 277
7717 437
10071 358
3341 817
11109 681
904 4
9361 504
24790 729
23115 803
1805 47
5991 730
12486 593
19827 581
20246 205
584 755
960 120
15327 543
2984 516
24166 872
11659 96
12435 716
238 968
31289 104
8532 522
28953 661
8628 290
26618 439
21546 440
29692 272
14829 88
31785 157
12161 180
26445 276
10542 190
23559 724
5040 846
18209 394
11568 978
7197 626
27251 17
1040 343
15442 394
28340 515
18794 842
14776 150
28692 949
25178 631
9368 196
30008 544
32669 217
12387 411
4324 246
2998 35
18998 398
7014 688
5787 912
217 680
29133 210
23996 689
5100 361
32080 245
1395 106
10244 193
12139 481
21833 346
15327 947
12194 308
23183 950
7930 382
15848 406
19771 6
25652 543
22812 840
271 402
11067 383
6938 323
8555 521
12787 186
1103 748
100 218
31528 21
11994 350
29163 780
2585 952
9623 918
4655 177
19141 777
30118 421
640 928
19710 444
4440 498
10843 511
3250 579
20858 733
29282 585
11241 538
24188 737
19832 706
21350 65
7403 417
18482 357
29937 813
28971 878
20826 108
30382 277
23684 217
3644 621
28950 469
10700 846
25585 585
12646 772
10852 434
31469 699
12447 800
29757 402
29803 268
13174 652
14360 408
24982 72
25014 34
13134 863
23176 310
25614 328
693 795
26467 194
3393 805
17538 64
22588 365
20517 942
5433 529
14485 600
22018 891
6152 86
20874 473
302 707
29987 982
14855 589
5617 230
6391 376
22175 954
14364 924
5456 155
29407 208
30169 141
25033 242
23597 796
18585 761
27416 720
10899 777
23345 433
31002 519
15882 788
4225 295
425 783
30495 804
18492 764
4769 773
26632 513
18340 422
10147 738
14212 506
2659 717
4206 566
16662 361
9149 580
4851 314
13955 20
21201 562
16485 56
13463 585
3245 936
5876 504
29082 907
5456 860
4602 318
30210 587
23803 675
18627 818
16447 985
18786 472
16430 180
23226 356
27280 818
11746 65
22363 281
27043 70
11209 382
26159 918
21422 937
20751 290
25865 391
19806 777
25049 221
25653 28
19506 269
22886 469
16527 603
14445 507
2666 993
11683 114
26378 614
32693 76
27293 41
15701 202
15238 298
29487 7
6136 418
32287 665
22980 662
19873 96
27759 555
10889 936
27016 102
22004 225
20280 615
5246 799
1307 630
31157 851
9038 690
1998 213
12234 364
30615 326
17904 58
15533 257
23652 39
6639 471
7455 963
23090 803
960 572
311 381
13859 742
2266 448
19253 544
32395 149
29703 90
5378 371
15137 845
32303 966
19992 661
8560 23
1379 631
519 816
7786 899
27083 576
23520 431
11293 844
83 610
5406 373
22273 96
22816 739
16110 591
6234 151
27699 682
19167 757
21401 157
10449 599
29798 49
25297 98
29815 950
16059 407
17039 143
27792 106
13039 144
10164 422
18983 74
30810 894
10795 121
10556 793
21929 752
17807 341
15770 64
13110 263
19736 547
15670 504
26479 796
8810 913
3190 405
31864 259
5920 451
4867 121
19022 792
28450 300
8167 900
17169 989
3627 866
31271 772
14148 479
1288 169
14110 201
13852 621
889 889
16960 165
4669 140
14779 610
14861 24
3443 544
286 195
29793 455
20042 124
17730 194
12384 469
6287 204
12223 784
18096 927
24099 431
5741 42
6334 75
12197 707
12427 915
9794 169
27871 839
12652 731
7233 171
25341 560
10107 885
29493 924
23281 945
29872 505
23090 51
1172 498
29133 585
19215 987
15206 381
24577 125
18440 924
26613 466
17597 554
32086 676
19804 836
14816 927
24995 547
29780 551
12421 200
1648 459
11717 834
12062 309
9668 653
25836 668
17304 818
11452 478
15709 195
18620 26
6864 716
21401 533
18970 643
7152 380
30441 62
21510 510
22469 489
27064 446
26018 666
6837 248
12721 151
6378 9
19836 382
21310 874
31026 502
13952 601
3135 556
31389 623
19488 576
20503 452
9590 76
434 995
31577 695
24177 472
238 371
32704 661
20796 233
16371 151
14651 553
29935 287
26670 139
17191 935
31283 487
7371 915
4377 962
16699 785
28529 3
20674 654
18920 530
18561 135
17108 55
31401 951
17420 691
22254 642
11005 495
5944 752
31482 344
9371 887
2516 203
18569 245
23211 350
32326 125
6915 55
30877 902
30234 453
12242 554
12922 710
3031 576
19914 544
32450 432
2793 360
9087 355
9790 987
13506 532
9289 94
28736 507
28286 938
14879 337
12884 220
5291 203
13977 43
16458 654
6920 307
6066 268
13853 751
31833 588
1320 77
26413 348
25249 164
29062 952
30395 22
27225 52
5691 143
19374 389
907 877
9300 596
17930 628
18899 367
2983 111
26274 2
18606 605
14490 687
2529 667
5035 444
11467 621
31950 329
29265 539
28986 996
8074 30
11739 360
8401 283
2816 766
25368 655
16468 841
22399 561
9487 326
21797 526
16493 609
19773 29
15968 5
1381 26
7297 669
19508 483
9037 907
23570 186
32654 36
24653 282
4119 862
20585 19
15284 927
5559 81
25441 540
12073 380
17594 448
18276 356
24755 668
28951 285
14985 672
32139 872
761 415
8572 945
943 419
23592 707
24321 192
21669 40
30685 587
8567 793
5632 599
11874 862
6761 5
13437 10
22542 13
30856 642
25805 261
17279 408
30373 313
18799 463
8486 214
29321 967
1830 425
14965 780
21686 191
6633 286
5461 729
11897 297
14947 896
5297 453
26072 194
10337 868
19765 361
7992 385
18619 450
12692 839
25307 537
17817 58
31727 684
20609 828
22055 624
25138 847
7622 805
3862 954
16782 839
11303 323
12152 12
4425 74
18857 6
21981 674
10146 432
15251 502
30647 312
15231 265
5314 259
26992 411
9240 176
8573 636
20412 869
13280 23
28883 262
776 843
15960 841
18409 606
21521 42
28823 432
9666 733
19731 119
12960 278
32356 856
3336 496
23530 992
2673 845
17136 104
12192 717
1152 644
11547 812
25979 220
32735 997
25833 443
2645 128
15501 102
14723 475
20412 992
2687 176
31856 276
1066 200
665 364
31002 842
30131 988
9688 908
27805 879
32588 430
25513 249
17781 367
1264 390
11870 222
19176 712
15693 649
12600 245
6717 560
26570 964
32142 533
15394 561
1020 383
11503 302
32462 756
23520 131
5199 578
20921 710
17538 196
18598 405
9746 500
28879 868
28552 598
25388 458
8384 198
13979 338
24734 519
27440 139
25341 199
8140 655
27368 740
17905 635
15629 526
18388 857
5742 593
21684 459
31578 245
18283 465
29340 532
23363 27
242 758
8970 3
30913 645
30313 107
29190 728
18801 228
32400 396
8823 258
28269 250
8738 339
14498 13
20930 376
23583 451
11235 88
19697 311
4899 590
16826 524
11072 846
30046 346
18549 892
12544 916
26887 197
12845 314
27931 207
16726 837
202 389
3204 683
27767 403
6727 214
16224 800
26863 365
2164 818
3583 83
4453 737
27103 33
20477 662
17361 716
437 617
25126 655
9604 220
29362 480
18421 822
22397 982
21884 421
11195 449
26378 643
5375 476
15583 916
13483 242
23456 838
19883 62
32681 418
29283 596
23204 527
20197 227
20314 373
25448 487
8138 30
17142 753
16760 354
10852 175
19464 955
903 887
13835 425
10405 509
21529 486
31786 955
20000 199
10396 132
32507 553
7377 6
29255 566
6240 272
29810 405
23637 493
26900 657
21545 826
23427 352
19185 599
32162 121
213 502
2297 6
13508 692
13835 873
30310 309
15843 903
21586 21
6641 745
14978 361
30228 913
5379 564
2296 11
2801 232
18082 334
26019 76
8521 309
30755 653
19560 715
6881 311
13841 345
4008 519
10884 772
25040 170
22016 787
5814 388
6361 398
17001 788
25035 742
21670 453
654 91
12807 840
12970 737
28023 95
13453 802
13801 612
20699 54
19530 666
7173 235
5555 701
14877 99
7652 692
5353 106
7662 339
14390 805
23343 135
18542 289
29315 568
18285 578
25529 781
7057 341
28996 253
3344 74
10291 361
11663 359
9316 323
24048 727
25844 830
26219 755
17657 558
21728 90
27764 555
5483 280
19841 706
31034 747
465 765
8091 504
7258 252
30041 115
17229 325
15945 789
9801 508
23840 51
9422 658
19847 747
14580 840
1138 430
31325 282
10925 410
19816 450
26039 988
4775 513
8916 232
27284 87
6238 418
24959 796
29020 455
6091 183
22358 285
14938 954
20071 778
24390 39
6035 472
6866 706
3419 496
24736 761
11919 380
1316 303
19300 862
29528 995
2246 560
27313 304
11759 469
22866 338
28729 678
9857 791
12592 13
343 179
25324 318
1979 19
1694 47
22929 55
31080 943
27694 820
882 904
12815 965
23866 650
27339 309
7979 740
12103 823
20338 306
3625 465
525 721
19599 930
16164 597
7936 832
9117 860
28323 811
28651 624
32430 858
31014 563
1570 860
12385 837
4534 563
13368 541
16912 139
8360 589
14907 270
4388 337
21078 528
2276 465
25225 855
13697 605
14910 665
16319 606
6029 617
7849 626
13047 488
8420 95
13144 36
8253 650
7703 362
4996 282
6048 721
29341 591
2068 162
8404 827
30782 210
20849 244
15050 13
6796 409
13745 518
10787 55
24568 227
20842 446
18330 112
23138 616
13251 509
23469 564
14142 330
32417 493
18225 997
27547 408
10760 130
20630 24
21167 14
13820 84
31748 576
5563 211
6284 510
26780 733
27236 873
7633 272
22395 874
12492 57
19967 128
20824 342
19733 733
20962 279
26061 661
20503 774
18517 582
19381 318
12653 729
8090 627
19482 528
4386 841
23455 917
27055 848
16809 395
20105 920
13514 853
19177 613
15144 50
16464 34
15735 249
12573 307
17956 793
6495 433
16595 913
18920 229
19980 936
31139 888
32561 248
295 746
3764 479
29835 233
26758 343
3964 876
5843 279
10126 315
26348 161
6352 322
23173 374
24739 282
14624 581
23244 722
21961 139
21703 223
23812 987
27486 253
16132 990
26235 323
2589 963
1851 176
18812 210
31811 586
15382 662
28759 801
30686 626
26409 760
19771 297
23662 899
32441 314
22839 835
8447 353
29567 752
14081 250
27648 249
24182 69
24140 252
8333 93
14104 649
15067 234
25819 712
29848 198
30360 287
21516 925
7415 30
18500 88
16795 342
6921 986
10416 394
16147 645
20675 499
20089 245
1239 314
19820 237
21685 948
1317 769
26499 204
2844 202
23704 223
18555 947
11919 379
5586 852
19610 603
16140 324
24089 728
930 310
25708 2
26382 366
12037 671
25987 112
21953 748
24795 861
11640 414
22993 914
27347 563
18800 850
26461 895
11979 453
15581 403
9455 928
10980 476
5398 552
31394 115
22813 232
21757 806
25144 949
16101 360
14309 618
12257 464
25374 258
30446 232
6611 231
24970 297
16023 801
22796 466
2202 350
27190 758
26583 431
27405 637
31118 941
13032 489
8437 30
6344 623
6187 559
11239 656
3437 28
23188 393
8332 801
31549 706
21662 260
27598 854
18932 70
15162 463
21581 363
4438 896
16713 102
18670 75
25377 809
28691 9
13204 607
8882 279
8997 73
29547 542
26755 369
22175 816
25673 662
17355 454
27879 567
277 578
5856 331
19749 750
19767 443
23350 609
20003 787
21869 337
24586 906
22889 207
21165 405
8987 412
8353 868
23000 207
17662 590
13228 495
6491 429
25330 266
20473 973
545 804
24126 387
29161 309
27493 932
23935 541
6005 190
22837 298
11887 686
20301 964
7116 329
12047 449
12838 392
4633 842
6966 760
19447 679
1022 785
6131 485
22855 581
22830 388
10318 669
8432 305
30651 122
28477 294
11474 850
25001 498
20717 197
17517 92
19242 170
14777 182
25185 367
27468 145
7001 624
31299 563
18235 672
8494 934
22086 186
15465 139
17093 64
11434 220
10302 480
18390 251
23277 729
19481 468
4976 491
2357 251
708 170
13338 390
25200 210
6328 37
21760 414
7697 728
10933 21
20626 892
24187 192
26275 389
24347 924
29565 989
30898 883
15419 701
29282 676
25396 715
13383 494
23945 310
2477 619
26362 844
21376 80
26622 429
16131 283
530 44
21701 683
13905 693
29650 386
23109 813
3366 837
20221 389
13159 511
11871 65
21203 883
25280 499
9591 382
23730 252
14241 647
23325 283
4249 134
31122 209
21388 933
30939 312
27849 433
30167 762
7984 66
645 124
1510 538
21854 542
24142 175
744 724
11829 200
30088 366
6733 199
6039 223
221 796
25529 442
11446 742
20330 714
13417 790
17370 808
22967 270
6395 78
32073 58
18136 206
31394 435
16680 444
81 423
12579 325
14443 934
404 361
21816 947
28976 624
22061 321
7974 944
6426 239
17911 153
2981 845
6280 707
4343 133
30070 166
28597 723
25769 296
23602 969
4908 801
29411 857
16699 798
14099 430
22174 977
27095 693
4406 632
19781 24
470 940
10209 1002
19284 753
7256 283
22495 353
10609 615
30866 608
26176 404
9034 98
20125 682
17077 213
13268 148
19628 548
9630 584
4803 398
26448 852
286 44
17747 358
16262 839
24276 490
26811 741
14268 94
19468 587
9955 166
27942 165
29824 935
13866 280
15589 57
4098 130
27497 532
21748 445
24997 479
20855 72
7907 647
18246 278
31699 791
9908 833
20096 258
29247 725
2691 746
103 473
12662 247
4033 848
10156 981
24903 45
16671 593
19698 854
6826 129
1163 367
4985 704
30910 264
31421 685
5232 63
17828 307
16978 504
24968 93
28854 835
30311 665
1954 452
11667 794
1315 549
20650 415
13284 801
21705 784
12287 911
9725 774
11795 576
18170 430
14487 918
6416 556
22382 286
24666 219
21947 590
22585 338
6646 514
27648 133
17472 831
26609 273
1779 534
13929 881
28030 808
32087 320
1392 271
12274 746
7634 993
26796 20
4282 14
8033 294
19229 122
4053 528
1765 441
25693 99
27459 716
30940 740
1863 696
18929 323
23214 911
25711 404
24827 105
26894 811
21193 936
30816 941
4447 324
6918 248
28805 345
31267 307
21142 222
31761 250
19159 967
6483 200
14855 211
32203 666
6455 895
18989 3
26332 7
2484 454
27171 622
12308 549
16516 26
13231 66
27034 104
6155 755
17714 729
31876 796
14242 275
830 555
26716 183
9310 732
20162 479
16762 103
316 491
3405 77
31368 864
7088 602
18770 925
11718 603
24069 884
3702 160
27360 520
4894 215
2636 868
5253 300
8045 408
29714 293
9463 613
316 198
24131 760
21314 134
7842 104
27420 256
6897 100
12721 359
31085 97
9802 525
5065 742
20807 344
8062 710
20241 259
12387 559
1871 692
18813 777
25693 491
28696 897
7929 840
29974 27
29248 377
26760 523
19418 706
27515 398
19569 658
21524 118
11367 777
22496 598
22728 148
12389 299
23677 622
28157 193
27075 996
27876 270
6108 866
8335 946
10500 751
10559 145
27815 66
26583 772
4561 73
1002 963
32230 862
6169 963
31635 604
30876 170
22020 239
18462 913
13400 537
20174 240
18770 648
18355 405
11089 756
6207 207
26754 626
9768 437
11092 100
16243 270
812 818
18642 872
9563 265
9775 707
14925 161
4489 621
2818 241
21503 638
8898 674
5418 293
14605 696
13488 125
30674 433
25110 550
29153 878
26326 519
23969 512
22194 623
26630 989
6727 17
13246 60
2021 941
22699 156
32414 986
30614 1003
14237 322
13858 873
16826 8
14078 190
23371 196
25183 249
7740 576
4782 682
12898 750
31101 631
31244 804
20672 773
27867 125
11322 328
5332 794
32565 341
25012 247
10870 402
18051 248
9840 760
21868 101
7608 169
19916 190
3001 114
20617 527
13225 864
11941 747
956 488
1555 669
14487 320
8393 753
21767 862
18966 53
16883 212
3638 418
10895 766
6180 520
26835 405
8623 396
5676 659
10704 650
5233 766
25915 412
8984 261
7476 992
21674 102
28836 538
30836 192
11116 364
19584 939
10233 777
3011 291
28440 42
11416 832
2572 106
25453 729
15071 263
15804 929
3829 56
26942 503
32743 153
31579 349
5774 410
19684 724
17501 629
15876 617
26356 169
30324 476
10739 901
30191 328
15116 631
2278 92
1117 635
30068 949
24828 410
29844 488
32723 149
19346 251
26798 210
6591 305
22418 38
11881 209
25169 321
31498 922
7259 851
30144 693
11479 750
32765 576
2802 73
9600 934
21623 596
18308 845
29345 908
2103 106
301 472
2669 845
11186 22
22934 273
30005 647
3565 391
7672 885
243 22
7060 233
9756 570
22343 418
23496 401
9871 917
18548 664
12792 586
6194 623
15922 202
11862 410
2918 830
8051 583
16074 442
1926 3
2676 438
4208 635
1900 843
15530 120
30212 846
18996 275
22636 361
16846 793
7041 984
1643 616
16870 805
30947 128
17750 158
1000 616
8760 287
9275 636
16756 370
16671 548
13446 212
26895 732
30673 61
18092 998
12085 103
25081 243
4323 531
458 11
29296 558
16762 884
11305 535
11997 368
18087 49
1141 27
9891 880
21481 189
11019 271
13490 774
29012 818
19224 410
13331 704
15197 84
30663 191
23864 143
31225 327
17285 723
5768 418
27706 835
5950 176
11421 981
8614 799
11700 203
14114 523
3325 568
31544 686
30048 364
13357 200
17506 141
14805 267
3995 157
18089 967
7786 752
24346 903
11239 526
17189 404
1305 346
7720 194
22378 237
26868 762
17239 705
12835 880
1900 330
16556 620
22384 704
17588 588
13277 607
2727 205
21907 234
25736 722
460 63
15749 753
23123 144
3023 65
32241 751
5288 767
3368 722
14014 245
26404 78
11959 273
13039 815
2573 728
2276 857
15388 469
20582 796
2425 841
9682 475
15750 417
23729 151
24131 50
29235 311
21095 497
985 24
11696 269
7793 191
6007 757
31047 983
32647 684
29082 679
5423 358
23117 515
13462 453
29663 494
15951 396
8349 902
3373 17
10518 193
32345 898
9424 481
16289 560
23353 661
22547 251
12512 472
7883 493
29925 253
5129 461
8879 340
20615 94
27612 772
32521 52
7806 93
5173 172
15236 888
14501 200
20854 607
6459 173
28518 692
4532 518
17443 606
25984 831
15791 572
31441 652
15603 168
19443 532
12722 260
731 845
12988 374
29442 551
26212 589
25972 221
20275 785
27427 695
20702 89
10626 904
374 570
21839 901
6879 737
20400 984
8323 465
6530 168
3399 130
4334 815
7615 364
11581 525
2717 902
11501 58
18288 861
27140 236
6539 877
18596 144
6978 609
29664 542
32605 256
23758 602
10438 47
12253 639
27269 852
13417 587
1006 334
19085 105
11545 943
31545 693
18323 327
20100 659
1875 888
23619 456
10224 726
19162 828
529 155
12370 428
5412 900
2476 213
22867 513
15477 370
28083 614
22171 534
30399 534
127 496
16646 250
21835 645
31776 552
5510 39
8678 976
26598 871
24035 54
7269 72
2309 55
9622 396
3480 807
15418 656
18293 800
24847 282
13431 311
12520 616
2351 750
16130 516
32217 629
27030 680
26510 988
23723 910
29115 900
14126 135
3025 17
1604 29
24382 934
2783 224
24989 439
32144 163
22313 315
17564 292
22904 296
20561 934
13926 767
4506 147
15183 741
16082 926
16513 232
23254 690
2288 42
12894 486
18988 207
17293 137
28817 947
17350 926
29629 699
14274 946
20296 936
20959 384
29615 239
2747 801
17296 974
10242 430
28957 112
9604 500
20427 552
13451 771
28234 349
17771 43
3258 86
20314 138
17180 425
19074 982
27654 762
4181 397
10139 918
5665 873
2747 588
13796 869
20087 708
31073 913
5064 617
7027 828
3968 894
13218 469
12928 494
16372 826
8748 163
261 987
5404 633
23642 626
26644 294
14579 289
32567 841
2591 619
18295 592
31893 859
27728 878
31167 234
5558 480
30041 333
16972 152
14651 830
4566 394
9075 939
5105 461
2711 872
28418 757
15450 155
29548 149
19036 400
28422 151
6471 960
21708 626
26135 804
3284 757
13753 736
132 213
25304 230
14083 710
15860 992
5613 728
29620 655
6731 16
11645 970
7618 694
8259 461
31754 779
32159 10
11426 723
31522 276
9410 583
25578 761
5522 585
26738 852
23193 809
8366 994
11384 563
29784 945
27608 683
23941 701
6305 813
14715 685
18796 780
7110 99
14140 977
22409 36
12648 526
13075 672
3548 528
31154 338
27010 394
24524 968
19706 561
27947 535
2449 984
24985 717
25201 798
18349 186
22037 765
10724 595
7168 764
7667 698
10927 670
6748 830
22988 576
19008 980
29860 793
21364 628
20699 478
17111 858
15710 446
4834 857
23962 911
128 125
17644 261
8736 148
26200 220
29961 507
11389 95
21742 364
19912 912
4547 290
12521 925
6095 869
30083 424
24065 980
29992 117
3719 651
20612 661
7581 783
23768 696
17059 1002
1451 132
1907 947
30396 107
25073 504
8762 478
3044 830
30519 932
3332 568
23643 375
11091 498
17109 447
13745 213
26007 423
23723 480
2243 516
3477 674
19808 857
984 836
27986 304
1164 249
29577 380
30794 984
17528 656
22331 596
2761 959
7029 51
23631 997
11656 946
11068 739
32595 476
22420 366
18717 273
29921 505
7393 227
6185 803
17384 696
16925 483
6813 476
14739 756
24222 699
27190 367
8975 105
7036 434
24371 529
5081 91
19261 558
31795 810
32611 894
6037 546
2357 703
8999 231
27437 413
29278 408
14983 262
7024 592
20306 507
18443 152
15048 167
32326 842
30683 828
30168 540
2576 554
19847 518
32400 805
13540 609
893 288
24118 822
2434 962
19636 241
9134 234
21239 744
6530 42
21934 622
24392 570
9876 809
26791 394
2975 898
2421 820
18042 166
22732 673
12342 84
19040 434
15677 420
29199 888
32135 120
9658 621
27920 493
29012 206
10377 949
4408 390
23117 933
26304 66
29592 331
6931 648
1523 945
25662 636
20723 119
8327 632
22563 476
15357 618
5439 649
5204 180
6819 831
20208 485
14850 957
21824 128
859 320
27469 564
12329 172
5267 967
20187 449
15119 526
17027 25
19609 306
27346 654
17012 163
2116 886
18212 605
12440 662
28287 649
26499 633
13319 731
12197 789
13175 187
10172 215
20380 637
2072 88
15206 459
5199 170
6463 410
21809 728
9371 521
12030 949
6609 928
10199 195
20521 454
29299 130
14902 671
4371 665
16486 632
9400 604
10711 159
15507 680
1900 728
14781 680
21793 644
6952 473
17819 272
17878 120
27652 411
7496 154
14357 840
58 550
30836 656
32141 688
22337 363
21893 52
1259 860
6964 745
1353 315
2614 436
21222 125
25759 589
19612 582
27954 441
8548 253
20948 370
11884 728
6720 965
874 435
28411 1000
305 946
19595 225
18049 807
30436 724
24356 86
16675 489
26934 424
32126 366
9413 302
10619 6
8602 884
10849 679
32597 329
11756 693
29632 881
837 854
2909 416
49 352
22593 896
18057 58
805 896
32234 645
29371 227
21933 19
32062 764
25370 373
22605 772
12248 833
15097 436
3240 921
26141 609
31828 316
1774 206
19169 19
10194 661
9484 304
9078 878
17397 766
19994 974
277 468
18736 688
26229 558
13606 216
3874 291
13696 423
27612 295
31529 765
16398 862
18699 223
27395 272
9949 976
20822 420
13884 646
31402 174
24062 219
14236 34
16323 976
25590 339
11212 557
6437 219
1809 356
25838 817
22413 835
22620 69
27357 360
765 320
19209 237
11854 286
30114 911
28019 656
2317 269
21803 265
23582 217
28676 251
13289 255
17099 294
3028 480
30023 350
9201 427
29479 637
18827 201
6456 727
3583 786
17115 677
24525 556
19383 754
14831 550
22955 1001
23914 481
774 289
18722 927
9467 306
25586 322
32335 116
3324 598
25173 660
1598 808
6172 515
28007 591
14823 287
14056 755
10461 768
24397 936
26882 597
18126 222
31078 506
27425 899
31901 747
29587 401
17774 498
17239 228
7119 51
1566 930
19986 169
27368 856
25177 218
281 666
31823 759
27599 424
19226 821
24435 486
5003 116
7566 548
10904 326
25310 111
29709 637
31658 839
14718 835
29266 196
28032 937
3114 123
12057 981
2184 330
8564 951
22044 650
27609 951
12928 192
30173 393
26640 585
13270 55
7676 138
6034 732
28316 583
31049 736
14339 526
3279 815
23254 169
14094 190
23391 370
22452 621
6365 589
23337 564
3870 253
10436 770
22096 848
16702 162
21781 152
8551 845
22741 445
15639 996
2136 823
9832 566
25748 703
13602 280
19395 803
17015 107
12985 742
19697 460
2165 864
6312 35
30710 916
8120 876
31824 703
26354 690
31486 855
2770 561
22650 870
6321 113
15115 662
2108 387
28638 414
26917 313
9817 547
6425 841
30124 395
5617 142
24745 494
16428 642
19413 627
8605 851
6591 659
3169 189
24976 737
9748 440
29668 28
13124 457
8664 685
14118 794
31332 483
15240 316
29164 616
21767 504
10257 31
14210 913
16333 45
28367 962
32191 455
4012 751
8387 781
29944 985
10438 911
23843 549
32729 80
31715 970
14723 153
21544 310
23644 172
28243 886
27095 805
16034 649
6240 964
20463 121
29607 366
1691 518
22331 235
4037 244
30554 860
20671 127
27656 248
27330 912
29278 202
9952 357
22565 592
24123 218
17827 128
12917 222
22965 69
10855 890
19486 153
1814 582
2591 731
25826 881
328 552
32001 470
3213 820
6956 262
14236 804
7064 693
19566 794
1320 894
24348 853
5089 712
19445 940
18334 176
23501 809
19205 733
663 667
18105 310
27703 707
29905 262
19345 8
2186 312
8166 875
15928 368
25696 173
10115 656
24043 755
1999 109
31559 132
21756 762
31579 960
12368 576
19917 244
27569 11
25039 870
28440 1001
22332 319
4674 219
17891 756
16041 542
3875 520
28082 114
28088 252
22312 416
14292 387
25577 778
1905 872
14559 529
15590 733
28210 325
4025 626
18108 480
8629 536
31678 901
18492 828
28881 185
32734 799
25631 235
15914 401
28370 35
5571 134
27085 220
24759 638
2714 714
25869 795
19620 241
10141 91
31399 825
24869 623
27748 326
18840 704
19609 275
11705 261
31536 442
745 783
24503 890
27965 384
16400 443
27604 93
28522 360
8040 377
26992 620
24354 20
11711 48
4019 641
28574 227
28832 36
28137 596
21469 851
1871 325
29598 616
24254 601
23146 435
9242 555
4465 605
21813 515
2335 607
2812 374
28657 504
9966 792
27528 123
29907 202
26620 906
5290 152
29042 983
16611 528
19441 55
17614 11
15729 464
14164 234
15925 769
19941 627
859 299
23473 880
6066 757
20763 289
30411 595
20330 199
24147 128
9410 843
18847 766
17492 752
19337 893
3793 266
14971 935
32548 107
25289 520
3936 257
13124 152
27127 270
6156 36
15150 291
30629 160
14029 631
1613 758
9755 186
25485 891
4617 563
13839 146
23982 316
14767 1001
25843 670
29652 730
29584 76
513 147
10295 438
13991 536
6158 63
30782 915
18019 666
5779 780
17564 708
2660 630
3692 585
21290 776
30285 632
26422 289
13866 467
27135 500
30811 164
7355 254
27863 439
15660 677
16037 171
18109 830
32148 935
18893 114
20524 39
19787 245
484 197
28291 74
16790 385
13111 825
9263 213
16882 569
16299 409
29849 622
29249 683
31043 519
10714 396
30026 463
16328 530
24227 318
15541 329
32618 881
6361 245
22465 463
19569 159
20955 806
17516 976
31828 609
3943 813
16068 86
22235 742
15507 653
30869 524
23055 767
21607 897
6075 478
8734 727
14314 663
25523 327
25229 808
18374 346
15178 717
4167 981
7630 525
20855 76
29795 368
7439 244
23749 410
28094 555
3889 163
26329 345
15296 315
15439 193
20979 604
22235 506
26255 800
2173 449
11179 734
25898 922
12039 560
5059 423
21151 173
11076 984
13184 249
28734 792
29403 68
1671 244
5464 596
27439 505
27820 999
19127 900
16238 769
1918 784
8998 508
1148 841
15528 486
2098 775
23200 88
19425 509
7789 669
2811 455
10035 178
9943 15
29483 504
12968 843
27454 832
31664 788
19667 275
25009 965
26085 82
5029 243
22360 415
1198 572
20877 987
11600 727
32564 398
27870 770
4705 777
7986 952
10210 673
15009 90
29905 565
2607 510
29285 925
22526 526
31757 978
7181 502
5056 692
799 958
16526 727
25080 108
15228 102
26831 770
24206 429
11009 393
2597 155
20227 57
29835 351
31386 864
6093 142
20302 4
12745 102
2844 638
2695 592
8555 888
29901 48
24641 780
15597 382
30135 900
31202 582
27050 149
29851 157
24500 146
6551 925
13658 405
10418 998
20615 454
5951 551
12858 836
22614 30
8571 22
32623 983
659 728
28976 471
11900 713
5764 76
24215 82
17901 600
157 979
22299 601
1752 153
5309 190
2195 332
151 100
18127 39
7637 152
26935 540
13727 835
1878 1001
18925 133
21000 274
10909 229
28974 516
24771 853
27046 282
25664 986
8059 885
20374 657
18520 804
1530 712
25155 956
32683 38
647 19
12419 502
4338 104
15563 177
17217 658
28756 341
27865 232
11203 812
30392 494
15405 965
5034 431
20708 967
1216 546
912 30
510 743
9857 812
6996 157
19779 867
9680 900
17267 938
2321 40
26066 706
255 480
4504 311
10169 862
7691 8
23503 491
5199 625
22194 49
6528 588
1896 26
16126 10
1412 50
11528 988
12374 518
23437 384
20063 117
19774 791
16647 152
232 416
8339 38
3329 877
21585 116
6529 368
31509 106
11251 900
14313 85
31179 630
14081 613
13562 318
32493 337
1728 724
25106 288
11457 757
9307 13
27740 933
10540 196
20536 907
15768 524
25631 570
21203 428
25360 661
15594 464
2959 782
18865 162
3648 84
17405 4
19124 794
14100 765
20099 643
1634 990
19099 90
11630 506
29399 425
15372 281
31700 538
25299 20
11008 256
9169 360
11507 322
31614 832
9731 310
5615 822
12562 73
25676 164
16555 71
9860 251
5710 569
15679 247
17415 940
22549 526
27717 810
21501 115
13290 357
24072 433
6815 940
11855 457
11626 495
28457 249
18306 568
9378 217
21858 60
10281 648
19996 164
3209 625
22256 345
32283 751
17693 969
29497 644
29175 109
16629 505
5434 656
26635 687
6558 422
11797 809
8107 623
22270 761
8911 396
4793 571
29870 19
29491 732
697 16
32390 500
6658 120
12655 646
7502 457
1538 752
24940 726
21148 983
9158 161
5402 883
20278 815
32328 743
795 261
20892 682
4267 207
27941 287
25227 721
3518 892
669 611
9095 978
12825 115
19094 511
18399 42
15337 807
18699 773
19103 211
28618 655
16744 221
5229 421
13371 998
11452 439
6727 607
21901 401
17451 691
6805 117
617 900
28797 792
4120 883
5432 27
5594 840
19093 787
22798 995
7952 587
27463 663
14574 519
28156 994
22409 954
16001 928
32488 991
7733 124
402 554
11006 784
23716 473
15346 19
6690 848
30295 62
11659 833
11982 188
32432 397
27339 641
5829 187
5704 908
9145 328
16827 186
17859 2
31813 289
23358 171
7724 407
16054 138
6027 942
11075 85
5960 77
15125 718
7751 214
13393 697
21213 840
6172 643
10376 434
10228 673
12253 437
21831 536
8897 630
20286 47
220 363
8922 241
20555 319
8515 781
22165 382
93 532
24033 248
27035 135
23142 460
27416 386
1058 733
32484 434
14543 837
7323 379
14867 650
2365 303
7159 350
22841 927
30618 393
22731 789
13863 95
20104 954
2052 932
19512 602
23628 1001
483 501
27776 611
18223 696
12409 952
20201 499
20129 719
14561 585
23651 477
30203 621
736 755
12931 609
23524 340
15041 939
6936 252
3533 505
22393 474
4773 58
2312 148
9085 666
3779 162
25430 144
20693 965
4562 883
21258 962
20807 338
19333 756
4882 672
4533 346
7726 437
31109 71
25605 3
28371 4
6021 716
25892 373
14967 294
28566 255
5388 260
5398 569
19385 713
13522 128
1861 673
3825 912
25377 44
17794 159
5623 277
27059 5
2181 787
26948 125
20140 302
28731 883
14020 768
4824 831
25395 560
21451 882
8766 931
23205 419
30751 802
28301 793
3927 28
2356 229
837 573
5643 728
14584 67
12723 475
14914 748
32180 627
18189 500
23667 892
4338 557
10590 602
21768 625
16746 377
18426 593
28607 132
2141 153
4785 415
2880 724
3315 71
14084 509
22279 508
8302 454
17657 15
7674 244
21581 853
9586 536
5686 297
10176 114
2569 255
24321 797
31728 21
17114 695
15331 89
5903 7
16596 230
18513 899
3114 81
2904 517
24945 219
29234 286
9808 641
27611 175
32443 889
25101 465
31081 523
26969 743
24713 6
14199 349
689 32
21467 396
2071 555
13960 360
10243 467
18729 206
21124 573
32350 546
8803 892
29524 333
11093 458
20376 159
30836 353
22317 751
20208 504
25308 260
2306 434
13003 740
7458 563
20305 253
9594 743
27657 188
31642 761
293 280
15469 46
3845 852
18540 551
16393 130
5137 326
23715 20
23695 579
17840 696
5312 887
26888 172
7775 719
25683 571
9079 394
18975 304
9243 635
15664 876
3160 258
22039 158
26216 363
1799 732
32040 540
29155 145
717 758
25755 966
4050 906
28601 414
3636 57
19255 538
25826 426
32148 384
30575 99
31015 457
19979 894
9138 671
31153 958
31802 764
2210 793
21270 788
7953 733
18503 906
2080 603
1031 171
21259 371
23972 422
20643 137
25743 436
1279 225
32688 684
24942 618
5885 980
23215 856
31563 853
12133 698
100 408
29381 248
32089 995
12178 307
10010 734
14155 103
31043 914
29091 47
8505 565
16433 139
8054 144
19049 316
4897 367
17867 934
25570 262
3674 275
15860 645
9040 812
5244 42
23568 54
7705 973
26972 671
32700 849
30408 382
6586 348
110 427
11039 771
12516 279
16198 1000
23403 232
6566 893
26217 59
5103 722
14874 89
8790 993
1922 690
29228 343
31654 735
22198 487
13051 879
30777 651
287 435
31060 19
24775 206
1682 26
8185 550
1088 172
7291 184
20092 846
9355 808
16271 821
20432 466
28797 992
25745 123
26586 131
7461 979
10974 27
25002 265
25788 991
18938 907
6192 184
31707 443
3927 169
14710 104
32196 513
13323 151
2256 442
30434 450
10801 945
32389 529
8399 314
20524 939
25555 509
9593 186
19456 6
101 1000
26438 790
15227 931
10900 286
27204 876
30191 396
7682 362
7873 3
25248 114
29811 809
2026 295
29501 205
2810 719
6461 517
13298 819
4551 441
15345 513
11005 445
3903 84
18847 757
32715 64
20260 562
31704 142
9737 287
7411 41
26729 182
9000 929
21710 502
12405 795
1351 356
22655 948
7354 784
22660 883
24188 336
2961 441
25631 150
28405 351
25995 251
19189 359
18256 9
21441 223
25403 543
22183 694
16168 649
18311 344
9750 913
17031 113
22401 273
22023 57
16620 339
10456 699
30141 973
20648 823
22861 699
27841 935
12096 415
22772 162
1554 354
3279 913
12275 211
31511 362
15829 58
1394 621
12483 678
22627 993
21876 806
17275 207
32288 960
25038 970
3730 718
9893 548
3711 495
8818 367
13846 368
5129 774
10456 801
6668 651
21162 254
6311 230
6952 695
10110 855
25405 778
7140 586
240 186
846 205
11649 705
8711 639
6581 65
18981 562
7278 214
7867 817
12158 850
5968 16
11965 835
22416 464
3418 962
12098 519
30062 583
22138 703
1495 260
14864 840
8771 342
27728 811
2443 281
3571 472
9795 811
17231 43
19855 538
2506 79
24631 532
404 899
510 451
32662 266
23344 725
31653 993
6267 421
12028 395
7423 3
30441 424
6824 125
20422 639
1212 355
31787 324
4272 170
11362 973
14656 550
14875 272
30655 666
19553 896
10155 400
30669 945
18564 845
12026 209
4574 539
5944 194
3510 324
5509 411
11522 636
10169 772
2699 794
24064 128
20479 489
2189 790
28994 747
28045 607
12806 89
7002 214
